start_space,delivery_space,end_space,start_time,delivery_time,end_time,sorties_cost
4,3,4,5,6,7,2
4,3,0,5,6,7,2
4,3,6,5,6,7,2
4,3,2,5,6,7,2
4,3,5,5,6,7,2
4,3,4,5,6,8,3
4,3,0,5,6,8,3
4,3,6,5,6,8,3
4,3,2,5,6,8,3
4,3,5,5,6,8,3
4,3,4,6,7,8,2
4,3,0,6,7,8,2
4,3,6,6,7,8,2
4,3,2,6,7,8,2
4,3,5,6,7,8,2
4,3,4,6,7,9,3
4,3,0,6,7,9,3
4,3,6,6,7,9,3
4,3,2,6,7,9,3
4,3,5,6,7,9,3
5,1,0,1,2,3,2
5,1,6,1,2,3,2
5,1,2,1,2,3,2
5,1,5,1,2,3,2
5,1,4,1,2,3,2
5,1,0,1,2,4,3
5,1,6,1,2,4,3
5,1,2,1,2,4,3
5,1,5,1,2,4,3
5,1,4,1,2,4,3
5,1,0,2,3,4,2
5,1,6,2,3,4,2
5,1,2,2,3,4,2
5,1,5,2,3,4,2
5,1,4,2,3,4,2
5,1,0,2,3,5,3
5,1,6,2,3,5,3
5,1,2,2,3,5,3
5,1,5,2,3,5,3
5,1,4,2,3,5,3
5,3,4,5,6,7,2
5,3,0,5,6,7,2
5,3,6,5,6,7,2
5,3,2,5,6,7,2
5,3,5,5,6,7,2
5,3,4,5,6,8,3
5,3,0,5,6,8,3
5,3,6,5,6,8,3
5,3,2,5,6,8,3
5,3,5,5,6,8,3
5,3,4,6,7,8,2
5,3,0,6,7,8,2
5,3,6,6,7,8,2
5,3,2,6,7,8,2
5,3,5,6,7,8,2
5,3,4,6,7,9,3
5,3,0,6,7,9,3
5,3,6,6,7,9,3
5,3,2,6,7,9,3
5,3,5,6,7,9,3
0,1,0,1,2,3,2
0,1,6,1,2,3,2
0,1,2,1,2,3,2
0,1,5,1,2,3,2
0,1,4,1,2,3,2
0,1,0,1,2,4,3
0,1,6,1,2,4,3
0,1,2,1,2,4,3
0,1,5,1,2,4,3
0,1,4,1,2,4,3
0,1,0,2,3,4,2
0,1,6,2,3,4,2
0,1,2,2,3,4,2
0,1,5,2,3,4,2
0,1,4,2,3,4,2
0,1,0,2,3,5,3
0,1,6,2,3,5,3
0,1,2,2,3,5,3
0,1,5,2,3,5,3
0,1,4,2,3,5,3
2,1,0,1,2,3,2
2,1,6,1,2,3,2
2,1,2,1,2,3,2
2,1,5,1,2,3,2
2,1,4,1,2,3,2
2,1,0,1,2,4,3
2,1,6,1,2,4,3
2,1,2,1,2,4,3
2,1,5,1,2,4,3
2,1,4,1,2,4,3
2,1,0,2,3,4,2
2,1,6,2,3,4,2
2,1,2,2,3,4,2
2,1,5,2,3,4,2
2,1,4,2,3,4,2
2,1,0,2,3,5,3
2,1,6,2,3,5,3
2,1,2,2,3,5,3
2,1,5,2,3,5,3
2,1,4,2,3,5,3
4,1,0,1,2,3,2
4,1,6,1,2,3,2
4,1,2,1,2,3,2
4,1,5,1,2,3,2
4,1,4,1,2,3,2
4,1,0,1,2,4,3
4,1,6,1,2,4,3
4,1,2,1,2,4,3
4,1,5,1,2,4,3
4,1,4,1,2,4,3
4,1,0,2,3,4,2
4,1,6,2,3,4,2
4,1,2,2,3,4,2
4,1,5,2,3,4,2
4,1,4,2,3,4,2
4,1,0,2,3,5,3
4,1,6,2,3,5,3
4,1,2,2,3,5,3
4,1,5,2,3,5,3
4,1,4,2,3,5,3
0,3,4,5,6,7,2
0,3,0,5,6,7,2
0,3,6,5,6,7,2
0,3,2,5,6,7,2
0,3,5,5,6,7,2
0,3,4,5,6,8,3
0,3,0,5,6,8,3
0,3,6,5,6,8,3
0,3,2,5,6,8,3
0,3,5,5,6,8,3
0,3,4,6,7,8,2
0,3,0,6,7,8,2
0,3,6,6,7,8,2
0,3,2,6,7,8,2
0,3,5,6,7,8,2
0,3,4,6,7,9,3
0,3,0,6,7,9,3
0,3,6,6,7,9,3
0,3,2,6,7,9,3
0,3,5,6,7,9,3
2,3,4,5,6,7,2
2,3,0,5,6,7,2
2,3,6,5,6,7,2
2,3,2,5,6,7,2
2,3,5,5,6,7,2
2,3,4,5,6,8,3
2,3,0,5,6,8,3
2,3,6,5,6,8,3
2,3,2,5,6,8,3
2,3,5,5,6,8,3
2,3,4,6,7,8,2
2,3,0,6,7,8,2
2,3,6,6,7,8,2
2,3,2,6,7,8,2
2,3,5,6,7,8,2
2,3,4,6,7,9,3
2,3,0,6,7,9,3
2,3,6,6,7,9,3
2,3,2,6,7,9,3
2,3,5,6,7,9,3
4,3,4,4,6,7,3
4,3,0,4,6,7,3
4,3,6,4,6,7,3
4,3,2,4,6,7,3
4,3,5,4,6,7,3
4,3,4,5,7,8,3
4,3,0,5,7,8,3
4,3,6,5,7,8,3
4,3,2,5,7,8,3
4,3,5,5,7,8,3
5,1,0,1,3,4,3
5,1,6,1,3,4,3
5,1,2,1,3,4,3
5,1,5,1,3,4,3
5,1,4,1,3,4,3
5,3,4,4,6,7,3
5,3,0,4,6,7,3
5,3,6,4,6,7,3
5,3,2,4,6,7,3
5,3,5,4,6,7,3
5,3,4,5,7,8,3
5,3,0,5,7,8,3
5,3,6,5,7,8,3
5,3,2,5,7,8,3
5,3,5,5,7,8,3
0,1,0,1,3,4,3
0,1,6,1,3,4,3
0,1,2,1,3,4,3
0,1,5,1,3,4,3
0,1,4,1,3,4,3
2,1,0,1,3,4,3
2,1,6,1,3,4,3
2,1,2,1,3,4,3
2,1,5,1,3,4,3
2,1,4,1,3,4,3
4,1,0,1,3,4,3
4,1,6,1,3,4,3
4,1,2,1,3,4,3
4,1,5,1,3,4,3
4,1,4,1,3,4,3
0,3,4,4,6,7,3
0,3,0,4,6,7,3
0,3,6,4,6,7,3
0,3,2,4,6,7,3
0,3,5,4,6,7,3
0,3,4,5,7,8,3
0,3,0,5,7,8,3
0,3,6,5,7,8,3
0,3,2,5,7,8,3
0,3,5,5,7,8,3
2,3,4,4,6,7,3
2,3,0,4,6,7,3
2,3,6,4,6,7,3
2,3,2,4,6,7,3
2,3,5,4,6,7,3
2,3,4,5,7,8,3
2,3,0,5,7,8,3
2,3,6,5,7,8,3
2,3,2,5,7,8,3
2,3,5,5,7,8,3
