from_node_id,to_node_id,driving_time_cost,length,time_stamp
0,0,0,0,0
0,1,2,20,0
0,2,6,60,0
0,3,5,50,0
0,4,5,50,0
0,5,6,60,0
0,6,2,20,0
0,7,4,40,0
0,8,5,50,0
0,9,0,0,0
1,0,2,20,0
1,1,0,0,0
1,2,4,40,0
1,3,3,30,0
1,4,5,50,0
1,5,5,50,0
1,6,2,20,0
1,7,2,20,0
1,8,3,30,0
1,9,2,20,0
2,0,6,60,0
2,1,4,40,0
2,2,0,0,0
2,3,3,30,0
2,4,5,50,0
2,5,2,20,0
2,6,5,50,0
2,7,3,30,0
2,8,2,20,0
2,9,6,60,0
3,0,5,50,0
3,1,3,30,0
3,2,3,30,0
3,3,0,0,0
3,4,8,80,0
3,5,5,50,0
3,6,5,50,0
3,7,5,50,0
3,8,5,50,0
3,9,5,50,0
4,0,5,50,0
4,1,5,50,0
4,2,5,50,0
4,3,8,80,0
4,4,0,0,0
4,5,3,30,0
4,6,3,30,0
4,7,5,50,0
4,8,5,50,0
4,9,5,50,0
5,0,5,50,0
5,1,5,50,0
5,2,2,20,0
5,3,5,50,0
5,4,3,30,0
5,5,0,0,0
5,6,4,40,0
5,7,3,30,0
5,8,2,20,0
5,9,6,60,0
6,0,2,20,0
6,1,2,20,0
6,2,5,50,0
6,3,5,50,0
6,4,3,30,0
6,5,4,40,0
6,6,0,0,0
6,7,2,20,0
6,8,3,30,0
6,9,2,20,0
7,0,4,40,0
7,1,2,20,0
7,2,3,30,0
7,3,5,50,0
7,4,5,50,0
7,5,3,30,0
7,6,2,20,0
7,7,0,0,0
7,8,1,10,0
7,9,4,40,0
8,0,5,50,0
8,1,3,30,0
8,2,2,20,0
8,3,5,50,0
8,4,5,50,0
8,5,2,20,0
8,6,3,30,0
8,7,1,10,0
8,8,0,0,0
8,9,5,50,0
9,0,0,0,0
9,1,2,20,0
9,2,6,60,0
9,3,5,50,0
9,4,5,50,0
9,5,6,60,0
9,6,2,20,0
9,7,4,40,0
9,8,5,50,0
9,9,0,0,0
0,0,0,0,1
0,1,2,20,1
0,2,6,60,1
0,3,5,50,1
0,4,5,50,1
0,5,6,60,1
0,6,2,20,1
0,7,4,40,1
0,8,5,50,1
0,9,0,0,1
1,0,2,20,1
1,1,0,0,1
1,2,4,40,1
1,3,3,30,1
1,4,5,50,1
1,5,5,50,1
1,6,2,20,1
1,7,2,20,1
1,8,3,30,1
1,9,2,20,1
2,0,6,60,1
2,1,4,40,1
2,2,0,0,1
2,3,3,30,1
2,4,5,50,1
2,5,2,20,1
2,6,5,50,1
2,7,3,30,1
2,8,2,20,1
2,9,6,60,1
3,0,5,50,1
3,1,3,30,1
3,2,3,30,1
3,3,0,0,1
3,4,8,80,1
3,5,5,50,1
3,6,5,50,1
3,7,5,50,1
3,8,5,50,1
3,9,5,50,1
4,0,5,50,1
4,1,5,50,1
4,2,5,50,1
4,3,8,80,1
4,4,0,0,1
4,5,3,30,1
4,6,3,30,1
4,7,5,50,1
4,8,5,50,1
4,9,5,50,1
5,0,5,50,1
5,1,5,50,1
5,2,2,20,1
5,3,5,50,1
5,4,3,30,1
5,5,0,0,1
5,6,4,40,1
5,7,3,30,1
5,8,2,20,1
5,9,6,60,1
6,0,2,20,1
6,1,2,20,1
6,2,5,50,1
6,3,5,50,1
6,4,3,30,1
6,5,4,40,1
6,6,0,0,1
6,7,2,20,1
6,8,3,30,1
6,9,2,20,1
7,0,4,40,1
7,1,2,20,1
7,2,3,30,1
7,3,5,50,1
7,4,5,50,1
7,5,3,30,1
7,6,2,20,1
7,7,0,0,1
7,8,1,10,1
7,9,4,40,1
8,0,5,50,1
8,1,3,30,1
8,2,2,20,1
8,3,5,50,1
8,4,5,50,1
8,5,2,20,1
8,6,3,30,1
8,7,1,10,1
8,8,0,0,1
8,9,5,50,1
9,0,0,0,1
9,1,2,20,1
9,2,6,60,1
9,3,5,50,1
9,4,5,50,1
9,5,6,60,1
9,6,2,20,1
9,7,4,40,1
9,8,5,50,1
9,9,0,0,1
0,0,0,0,2
0,1,2,20,2
0,2,6,60,2
0,3,5,50,2
0,4,5,50,2
0,5,6,60,2
0,6,2,20,2
0,7,4,40,2
0,8,5,50,2
0,9,0,0,2
1,0,2,20,2
1,1,0,0,2
1,2,4,40,2
1,3,3,30,2
1,4,5,50,2
1,5,5,50,2
1,6,2,20,2
1,7,2,20,2
1,8,3,30,2
1,9,2,20,2
2,0,6,60,2
2,1,4,40,2
2,2,0,0,2
2,3,3,30,2
2,4,5,50,2
2,5,2,20,2
2,6,5,50,2
2,7,3,30,2
2,8,2,20,2
2,9,6,60,2
3,0,5,50,2
3,1,3,30,2
3,2,3,30,2
3,3,0,0,2
3,4,8,80,2
3,5,5,50,2
3,6,5,50,2
3,7,5,50,2
3,8,5,50,2
3,9,5,50,2
4,0,5,50,2
4,1,5,50,2
4,2,5,50,2
4,3,8,80,2
4,4,0,0,2
4,5,3,30,2
4,6,3,30,2
4,7,5,50,2
4,8,5,50,2
4,9,5,50,2
5,0,5,50,2
5,1,5,50,2
5,2,2,20,2
5,3,5,50,2
5,4,3,30,2
5,5,0,0,2
5,6,4,40,2
5,7,3,30,2
5,8,2,20,2
5,9,6,60,2
6,0,2,20,2
6,1,2,20,2
6,2,5,50,2
6,3,5,50,2
6,4,3,30,2
6,5,4,40,2
6,6,0,0,2
6,7,2,20,2
6,8,3,30,2
6,9,2,20,2
7,0,4,40,2
7,1,2,20,2
7,2,3,30,2
7,3,5,50,2
7,4,5,50,2
7,5,3,30,2
7,6,2,20,2
7,7,0,0,2
7,8,1,10,2
7,9,4,40,2
8,0,5,50,2
8,1,3,30,2
8,2,2,20,2
8,3,5,50,2
8,4,5,50,2
8,5,2,20,2
8,6,3,30,2
8,7,1,10,2
8,8,0,0,2
8,9,5,50,2
9,0,0,0,2
9,1,2,20,2
9,2,6,60,2
9,3,5,50,2
9,4,5,50,2
9,5,6,60,2
9,6,2,20,2
9,7,4,40,2
9,8,5,50,2
9,9,0,0,2
0,0,0,0,3
0,1,2,20,3
0,2,6,60,3
0,3,5,50,3
0,4,5,50,3
0,5,6,60,3
0,6,2,20,3
0,7,4,40,3
0,8,5,50,3
0,9,0,0,3
1,0,2,20,3
1,1,0,0,3
1,2,4,40,3
1,3,3,30,3
1,4,5,50,3
1,5,5,50,3
1,6,2,20,3
1,7,2,20,3
1,8,3,30,3
1,9,2,20,3
2,0,6,60,3
2,1,4,40,3
2,2,0,0,3
2,3,3,30,3
2,4,5,50,3
2,5,2,20,3
2,6,5,50,3
2,7,3,30,3
2,8,2,20,3
2,9,6,60,3
3,0,5,50,3
3,1,3,30,3
3,2,3,30,3
3,3,0,0,3
3,4,8,80,3
3,5,5,50,3
3,6,5,50,3
3,7,5,50,3
3,8,5,50,3
3,9,5,50,3
4,0,5,50,3
4,1,5,50,3
4,2,5,50,3
4,3,8,80,3
4,4,0,0,3
4,5,3,30,3
4,6,3,30,3
4,7,5,50,3
4,8,5,50,3
4,9,5,50,3
5,0,5,50,3
5,1,5,50,3
5,2,2,20,3
5,3,5,50,3
5,4,3,30,3
5,5,0,0,3
5,6,4,40,3
5,7,3,30,3
5,8,2,20,3
5,9,6,60,3
6,0,2,20,3
6,1,2,20,3
6,2,5,50,3
6,3,5,50,3
6,4,3,30,3
6,5,4,40,3
6,6,0,0,3
6,7,2,20,3
6,8,3,30,3
6,9,2,20,3
7,0,4,40,3
7,1,2,20,3
7,2,3,30,3
7,3,5,50,3
7,4,5,50,3
7,5,3,30,3
7,6,2,20,3
7,7,0,0,3
7,8,1,10,3
7,9,4,40,3
8,0,5,50,3
8,1,3,30,3
8,2,2,20,3
8,3,5,50,3
8,4,5,50,3
8,5,2,20,3
8,6,3,30,3
8,7,1,10,3
8,8,0,0,3
8,9,5,50,3
9,0,0,0,3
9,1,2,20,3
9,2,6,60,3
9,3,5,50,3
9,4,5,50,3
9,5,6,60,3
9,6,2,20,3
9,7,4,40,3
9,8,5,50,3
9,9,0,0,3
0,0,0,0,4
0,1,2,20,4
0,2,6,60,4
0,3,5,50,4
0,4,5,50,4
0,5,6,60,4
0,6,2,20,4
0,7,4,40,4
0,8,5,50,4
0,9,0,0,4
1,0,2,20,4
1,1,0,0,4
1,2,4,40,4
1,3,3,30,4
1,4,5,50,4
1,5,5,50,4
1,6,2,20,4
1,7,2,20,4
1,8,3,30,4
1,9,2,20,4
2,0,6,60,4
2,1,4,40,4
2,2,0,0,4
2,3,3,30,4
2,4,5,50,4
2,5,2,20,4
2,6,5,50,4
2,7,3,30,4
2,8,2,20,4
2,9,6,60,4
3,0,5,50,4
3,1,3,30,4
3,2,3,30,4
3,3,0,0,4
3,4,8,80,4
3,5,5,50,4
3,6,5,50,4
3,7,5,50,4
3,8,5,50,4
3,9,5,50,4
4,0,5,50,4
4,1,5,50,4
4,2,5,50,4
4,3,8,80,4
4,4,0,0,4
4,5,3,30,4
4,6,3,30,4
4,7,5,50,4
4,8,5,50,4
4,9,5,50,4
5,0,5,50,4
5,1,5,50,4
5,2,2,20,4
5,3,5,50,4
5,4,3,30,4
5,5,0,0,4
5,6,4,40,4
5,7,3,30,4
5,8,2,20,4
5,9,6,60,4
6,0,2,20,4
6,1,2,20,4
6,2,5,50,4
6,3,5,50,4
6,4,3,30,4
6,5,4,40,4
6,6,0,0,4
6,7,2,20,4
6,8,3,30,4
6,9,2,20,4
7,0,4,40,4
7,1,2,20,4
7,2,3,30,4
7,3,5,50,4
7,4,5,50,4
7,5,3,30,4
7,6,2,20,4
7,7,0,0,4
7,8,1,10,4
7,9,4,40,4
8,0,5,50,4
8,1,3,30,4
8,2,2,20,4
8,3,5,50,4
8,4,5,50,4
8,5,2,20,4
8,6,3,30,4
8,7,1,10,4
8,8,0,0,4
8,9,5,50,4
9,0,0,0,4
9,1,2,20,4
9,2,6,60,4
9,3,5,50,4
9,4,5,50,4
9,5,6,60,4
9,6,2,20,4
9,7,4,40,4
9,8,5,50,4
9,9,0,0,4
0,0,0,0,5
0,1,2,20,5
0,2,6,60,5
0,3,5,50,5
0,4,5,50,5
0,5,6,60,5
0,6,2,20,5
0,7,4,40,5
0,8,5,50,5
0,9,0,0,5
1,0,2,20,5
1,1,0,0,5
1,2,4,40,5
1,3,3,30,5
1,4,5,50,5
1,5,5,50,5
1,6,2,20,5
1,7,2,20,5
1,8,3,30,5
1,9,2,20,5
2,0,6,60,5
2,1,4,40,5
2,2,0,0,5
2,3,3,30,5
2,4,5,50,5
2,5,2,20,5
2,6,5,50,5
2,7,3,30,5
2,8,2,20,5
2,9,6,60,5
3,0,5,50,5
3,1,3,30,5
3,2,3,30,5
3,3,0,0,5
3,4,8,80,5
3,5,5,50,5
3,6,5,50,5
3,7,5,50,5
3,8,5,50,5
3,9,5,50,5
4,0,5,50,5
4,1,5,50,5
4,2,5,50,5
4,3,8,80,5
4,4,0,0,5
4,5,3,30,5
4,6,3,30,5
4,7,5,50,5
4,8,5,50,5
4,9,5,50,5
5,0,5,50,5
5,1,5,50,5
5,2,2,20,5
5,3,5,50,5
5,4,3,30,5
5,5,0,0,5
5,6,4,40,5
5,7,3,30,5
5,8,2,20,5
5,9,6,60,5
6,0,2,20,5
6,1,2,20,5
6,2,5,50,5
6,3,5,50,5
6,4,3,30,5
6,5,4,40,5
6,6,0,0,5
6,7,2,20,5
6,8,3,30,5
6,9,2,20,5
7,0,4,40,5
7,1,2,20,5
7,2,3,30,5
7,3,5,50,5
7,4,5,50,5
7,5,3,30,5
7,6,2,20,5
7,7,0,0,5
7,8,1,10,5
7,9,4,40,5
8,0,5,50,5
8,1,3,30,5
8,2,2,20,5
8,3,5,50,5
8,4,5,50,5
8,5,2,20,5
8,6,3,30,5
8,7,1,10,5
8,8,0,0,5
8,9,5,50,5
9,0,0,0,5
9,1,2,20,5
9,2,6,60,5
9,3,5,50,5
9,4,5,50,5
9,5,6,60,5
9,6,2,20,5
9,7,4,40,5
9,8,5,50,5
9,9,0,0,5
0,0,0,0,6
0,1,2,20,6
0,2,6,60,6
0,3,5,50,6
0,4,5,50,6
0,5,6,60,6
0,6,2,20,6
0,7,4,40,6
0,8,5,50,6
0,9,0,0,6
1,0,2,20,6
1,1,0,0,6
1,2,4,40,6
1,3,3,30,6
1,4,5,50,6
1,5,5,50,6
1,6,2,20,6
1,7,2,20,6
1,8,3,30,6
1,9,2,20,6
2,0,6,60,6
2,1,4,40,6
2,2,0,0,6
2,3,3,30,6
2,4,5,50,6
2,5,2,20,6
2,6,5,50,6
2,7,3,30,6
2,8,2,20,6
2,9,6,60,6
3,0,5,50,6
3,1,3,30,6
3,2,3,30,6
3,3,0,0,6
3,4,8,80,6
3,5,5,50,6
3,6,5,50,6
3,7,5,50,6
3,8,5,50,6
3,9,5,50,6
4,0,5,50,6
4,1,5,50,6
4,2,5,50,6
4,3,8,80,6
4,4,0,0,6
4,5,3,30,6
4,6,3,30,6
4,7,5,50,6
4,8,5,50,6
4,9,5,50,6
5,0,5,50,6
5,1,5,50,6
5,2,2,20,6
5,3,5,50,6
5,4,3,30,6
5,5,0,0,6
5,6,4,40,6
5,7,3,30,6
5,8,2,20,6
5,9,6,60,6
6,0,2,20,6
6,1,2,20,6
6,2,5,50,6
6,3,5,50,6
6,4,3,30,6
6,5,4,40,6
6,6,0,0,6
6,7,2,20,6
6,8,3,30,6
6,9,2,20,6
7,0,4,40,6
7,1,2,20,6
7,2,3,30,6
7,3,5,50,6
7,4,5,50,6
7,5,3,30,6
7,6,2,20,6
7,7,0,0,6
7,8,1,10,6
7,9,4,40,6
8,0,5,50,6
8,1,3,30,6
8,2,2,20,6
8,3,5,50,6
8,4,5,50,6
8,5,2,20,6
8,6,3,30,6
8,7,1,10,6
8,8,0,0,6
8,9,5,50,6
9,0,0,0,6
9,1,2,20,6
9,2,6,60,6
9,3,5,50,6
9,4,5,50,6
9,5,6,60,6
9,6,2,20,6
9,7,4,40,6
9,8,5,50,6
9,9,0,0,6
0,0,0,0,7
0,1,2,20,7
0,2,6,60,7
0,3,5,50,7
0,4,5,50,7
0,5,6,60,7
0,6,2,20,7
0,7,4,40,7
0,8,5,50,7
0,9,0,0,7
1,0,2,20,7
1,1,0,0,7
1,2,4,40,7
1,3,3,30,7
1,4,5,50,7
1,5,5,50,7
1,6,2,20,7
1,7,2,20,7
1,8,3,30,7
1,9,2,20,7
2,0,6,60,7
2,1,4,40,7
2,2,0,0,7
2,3,3,30,7
2,4,5,50,7
2,5,2,20,7
2,6,5,50,7
2,7,3,30,7
2,8,2,20,7
2,9,6,60,7
3,0,5,50,7
3,1,3,30,7
3,2,3,30,7
3,3,0,0,7
3,4,8,80,7
3,5,5,50,7
3,6,5,50,7
3,7,5,50,7
3,8,5,50,7
3,9,5,50,7
4,0,5,50,7
4,1,5,50,7
4,2,5,50,7
4,3,8,80,7
4,4,0,0,7
4,5,3,30,7
4,6,3,30,7
4,7,5,50,7
4,8,5,50,7
4,9,5,50,7
5,0,5,50,7
5,1,5,50,7
5,2,2,20,7
5,3,5,50,7
5,4,3,30,7
5,5,0,0,7
5,6,4,40,7
5,7,3,30,7
5,8,2,20,7
5,9,6,60,7
6,0,2,20,7
6,1,2,20,7
6,2,5,50,7
6,3,5,50,7
6,4,3,30,7
6,5,4,40,7
6,6,0,0,7
6,7,2,20,7
6,8,3,30,7
6,9,2,20,7
7,0,4,40,7
7,1,2,20,7
7,2,3,30,7
7,3,5,50,7
7,4,5,50,7
7,5,3,30,7
7,6,2,20,7
7,7,0,0,7
7,8,1,10,7
7,9,4,40,7
8,0,5,50,7
8,1,3,30,7
8,2,2,20,7
8,3,5,50,7
8,4,5,50,7
8,5,2,20,7
8,6,3,30,7
8,7,1,10,7
8,8,0,0,7
8,9,5,50,7
9,0,0,0,7
9,1,2,20,7
9,2,6,60,7
9,3,5,50,7
9,4,5,50,7
9,5,6,60,7
9,6,2,20,7
9,7,4,40,7
9,8,5,50,7
9,9,0,0,7
0,0,0,0,8
0,1,2,20,8
0,2,6,60,8
0,3,5,50,8
0,4,5,50,8
0,5,6,60,8
0,6,2,20,8
0,7,4,40,8
0,8,5,50,8
0,9,0,0,8
1,0,2,20,8
1,1,0,0,8
1,2,4,40,8
1,3,3,30,8
1,4,5,50,8
1,5,5,50,8
1,6,2,20,8
1,7,2,20,8
1,8,3,30,8
1,9,2,20,8
2,0,6,60,8
2,1,4,40,8
2,2,0,0,8
2,3,3,30,8
2,4,5,50,8
2,5,2,20,8
2,6,5,50,8
2,7,3,30,8
2,8,2,20,8
2,9,6,60,8
3,0,5,50,8
3,1,3,30,8
3,2,3,30,8
3,3,0,0,8
3,4,8,80,8
3,5,5,50,8
3,6,5,50,8
3,7,5,50,8
3,8,5,50,8
3,9,5,50,8
4,0,5,50,8
4,1,5,50,8
4,2,5,50,8
4,3,8,80,8
4,4,0,0,8
4,5,3,30,8
4,6,3,30,8
4,7,5,50,8
4,8,5,50,8
4,9,5,50,8
5,0,5,50,8
5,1,5,50,8
5,2,2,20,8
5,3,5,50,8
5,4,3,30,8
5,5,0,0,8
5,6,4,40,8
5,7,3,30,8
5,8,2,20,8
5,9,6,60,8
6,0,2,20,8
6,1,2,20,8
6,2,5,50,8
6,3,5,50,8
6,4,3,30,8
6,5,4,40,8
6,6,0,0,8
6,7,2,20,8
6,8,3,30,8
6,9,2,20,8
7,0,4,40,8
7,1,2,20,8
7,2,3,30,8
7,3,5,50,8
7,4,5,50,8
7,5,3,30,8
7,6,2,20,8
7,7,0,0,8
7,8,1,10,8
7,9,4,40,8
8,0,5,50,8
8,1,3,30,8
8,2,2,20,8
8,3,5,50,8
8,4,5,50,8
8,5,2,20,8
8,6,3,30,8
8,7,1,10,8
8,8,0,0,8
8,9,5,50,8
9,0,0,0,8
9,1,2,20,8
9,2,6,60,8
9,3,5,50,8
9,4,5,50,8
9,5,6,60,8
9,6,2,20,8
9,7,4,40,8
9,8,5,50,8
9,9,0,0,8
0,0,0,0,9
0,1,2,20,9
0,2,6,60,9
0,3,5,50,9
0,4,5,50,9
0,5,6,60,9
0,6,2,20,9
0,7,4,40,9
0,8,5,50,9
0,9,0,0,9
1,0,2,20,9
1,1,0,0,9
1,2,4,40,9
1,3,3,30,9
1,4,5,50,9
1,5,5,50,9
1,6,2,20,9
1,7,2,20,9
1,8,3,30,9
1,9,2,20,9
2,0,6,60,9
2,1,4,40,9
2,2,0,0,9
2,3,3,30,9
2,4,5,50,9
2,5,2,20,9
2,6,5,50,9
2,7,3,30,9
2,8,2,20,9
2,9,6,60,9
3,0,5,50,9
3,1,3,30,9
3,2,3,30,9
3,3,0,0,9
3,4,8,80,9
3,5,5,50,9
3,6,5,50,9
3,7,5,50,9
3,8,5,50,9
3,9,5,50,9
4,0,5,50,9
4,1,5,50,9
4,2,5,50,9
4,3,8,80,9
4,4,0,0,9
4,5,3,30,9
4,6,3,30,9
4,7,5,50,9
4,8,5,50,9
4,9,5,50,9
5,0,5,50,9
5,1,5,50,9
5,2,2,20,9
5,3,5,50,9
5,4,3,30,9
5,5,0,0,9
5,6,4,40,9
5,7,3,30,9
5,8,2,20,9
5,9,6,60,9
6,0,2,20,9
6,1,2,20,9
6,2,5,50,9
6,3,5,50,9
6,4,3,30,9
6,5,4,40,9
6,6,0,0,9
6,7,2,20,9
6,8,3,30,9
6,9,2,20,9
7,0,4,40,9
7,1,2,20,9
7,2,3,30,9
7,3,5,50,9
7,4,5,50,9
7,5,3,30,9
7,6,2,20,9
7,7,0,0,9
7,8,1,10,9
7,9,4,40,9
8,0,5,50,9
8,1,3,30,9
8,2,2,20,9
8,3,5,50,9
8,4,5,50,9
8,5,2,20,9
8,6,3,30,9
8,7,1,10,9
8,8,0,0,9
8,9,5,50,9
9,0,0,0,9
9,1,2,20,9
9,2,6,60,9
9,3,5,50,9
9,4,5,50,9
9,5,6,60,9
9,6,2,20,9
9,7,4,40,9
9,8,5,50,9
9,9,0,0,9
0,0,0,0,10
0,1,2,20,10
0,2,6,60,10
0,3,5,50,10
0,4,5,50,10
0,5,6,60,10
0,6,2,20,10
0,7,4,40,10
0,8,5,50,10
0,9,0,0,10
1,0,2,20,10
1,1,0,0,10
1,2,4,40,10
1,3,3,30,10
1,4,5,50,10
1,5,5,50,10
1,6,2,20,10
1,7,2,20,10
1,8,3,30,10
1,9,2,20,10
2,0,6,60,10
2,1,4,40,10
2,2,0,0,10
2,3,3,30,10
2,4,5,50,10
2,5,2,20,10
2,6,5,50,10
2,7,3,30,10
2,8,2,20,10
2,9,6,60,10
3,0,5,50,10
3,1,3,30,10
3,2,3,30,10
3,3,0,0,10
3,4,8,80,10
3,5,5,50,10
3,6,5,50,10
3,7,5,50,10
3,8,5,50,10
3,9,5,50,10
4,0,5,50,10
4,1,5,50,10
4,2,5,50,10
4,3,8,80,10
4,4,0,0,10
4,5,3,30,10
4,6,3,30,10
4,7,5,50,10
4,8,5,50,10
4,9,5,50,10
5,0,5,50,10
5,1,5,50,10
5,2,2,20,10
5,3,5,50,10
5,4,3,30,10
5,5,0,0,10
5,6,4,40,10
5,7,3,30,10
5,8,2,20,10
5,9,6,60,10
6,0,2,20,10
6,1,2,20,10
6,2,5,50,10
6,3,5,50,10
6,4,3,30,10
6,5,4,40,10
6,6,0,0,10
6,7,2,20,10
6,8,3,30,10
6,9,2,20,10
7,0,4,40,10
7,1,2,20,10
7,2,3,30,10
7,3,5,50,10
7,4,5,50,10
7,5,3,30,10
7,6,2,20,10
7,7,0,0,10
7,8,1,10,10
7,9,4,40,10
8,0,5,50,10
8,1,3,30,10
8,2,2,20,10
8,3,5,50,10
8,4,5,50,10
8,5,2,20,10
8,6,3,30,10
8,7,1,10,10
8,8,0,0,10
8,9,5,50,10
9,0,0,0,10
9,1,2,20,10
9,2,6,60,10
9,3,5,50,10
9,4,5,50,10
9,5,6,60,10
9,6,2,20,10
9,7,4,40,10
9,8,5,50,10
9,9,0,0,10
0,0,0,0,11
0,1,2,20,11
0,2,6,60,11
0,3,5,50,11
0,4,5,50,11
0,5,6,60,11
0,6,2,20,11
0,7,4,40,11
0,8,5,50,11
0,9,0,0,11
1,0,2,20,11
1,1,0,0,11
1,2,4,40,11
1,3,3,30,11
1,4,5,50,11
1,5,5,50,11
1,6,2,20,11
1,7,2,20,11
1,8,3,30,11
1,9,2,20,11
2,0,6,60,11
2,1,4,40,11
2,2,0,0,11
2,3,3,30,11
2,4,5,50,11
2,5,2,20,11
2,6,5,50,11
2,7,3,30,11
2,8,2,20,11
2,9,6,60,11
3,0,5,50,11
3,1,3,30,11
3,2,3,30,11
3,3,0,0,11
3,4,8,80,11
3,5,5,50,11
3,6,5,50,11
3,7,5,50,11
3,8,5,50,11
3,9,5,50,11
4,0,5,50,11
4,1,5,50,11
4,2,5,50,11
4,3,8,80,11
4,4,0,0,11
4,5,3,30,11
4,6,3,30,11
4,7,5,50,11
4,8,5,50,11
4,9,5,50,11
5,0,5,50,11
5,1,5,50,11
5,2,2,20,11
5,3,5,50,11
5,4,3,30,11
5,5,0,0,11
5,6,4,40,11
5,7,3,30,11
5,8,2,20,11
5,9,6,60,11
6,0,2,20,11
6,1,2,20,11
6,2,5,50,11
6,3,5,50,11
6,4,3,30,11
6,5,4,40,11
6,6,0,0,11
6,7,2,20,11
6,8,3,30,11
6,9,2,20,11
7,0,4,40,11
7,1,2,20,11
7,2,3,30,11
7,3,5,50,11
7,4,5,50,11
7,5,3,30,11
7,6,2,20,11
7,7,0,0,11
7,8,1,10,11
7,9,4,40,11
8,0,5,50,11
8,1,3,30,11
8,2,2,20,11
8,3,5,50,11
8,4,5,50,11
8,5,2,20,11
8,6,3,30,11
8,7,1,10,11
8,8,0,0,11
8,9,5,50,11
9,0,0,0,11
9,1,2,20,11
9,2,6,60,11
9,3,5,50,11
9,4,5,50,11
9,5,6,60,11
9,6,2,20,11
9,7,4,40,11
9,8,5,50,11
9,9,0,0,11
0,0,0,0,12
0,1,2,20,12
0,2,6,60,12
0,3,5,50,12
0,4,5,50,12
0,5,6,60,12
0,6,2,20,12
0,7,4,40,12
0,8,5,50,12
0,9,0,0,12
1,0,2,20,12
1,1,0,0,12
1,2,4,40,12
1,3,3,30,12
1,4,5,50,12
1,5,5,50,12
1,6,2,20,12
1,7,2,20,12
1,8,3,30,12
1,9,2,20,12
2,0,6,60,12
2,1,4,40,12
2,2,0,0,12
2,3,3,30,12
2,4,5,50,12
2,5,2,20,12
2,6,5,50,12
2,7,3,30,12
2,8,2,20,12
2,9,6,60,12
3,0,5,50,12
3,1,3,30,12
3,2,3,30,12
3,3,0,0,12
3,4,8,80,12
3,5,5,50,12
3,6,5,50,12
3,7,5,50,12
3,8,5,50,12
3,9,5,50,12
4,0,5,50,12
4,1,5,50,12
4,2,5,50,12
4,3,8,80,12
4,4,0,0,12
4,5,3,30,12
4,6,3,30,12
4,7,5,50,12
4,8,5,50,12
4,9,5,50,12
5,0,5,50,12
5,1,5,50,12
5,2,2,20,12
5,3,5,50,12
5,4,3,30,12
5,5,0,0,12
5,6,4,40,12
5,7,3,30,12
5,8,2,20,12
5,9,6,60,12
6,0,2,20,12
6,1,2,20,12
6,2,5,50,12
6,3,5,50,12
6,4,3,30,12
6,5,4,40,12
6,6,0,0,12
6,7,2,20,12
6,8,3,30,12
6,9,2,20,12
7,0,4,40,12
7,1,2,20,12
7,2,3,30,12
7,3,5,50,12
7,4,5,50,12
7,5,3,30,12
7,6,2,20,12
7,7,0,0,12
7,8,1,10,12
7,9,4,40,12
8,0,5,50,12
8,1,3,30,12
8,2,2,20,12
8,3,5,50,12
8,4,5,50,12
8,5,2,20,12
8,6,3,30,12
8,7,1,10,12
8,8,0,0,12
8,9,5,50,12
9,0,0,0,12
9,1,2,20,12
9,2,6,60,12
9,3,5,50,12
9,4,5,50,12
9,5,6,60,12
9,6,2,20,12
9,7,4,40,12
9,8,5,50,12
9,9,0,0,12
0,0,0,0,13
0,1,2,20,13
0,2,6,60,13
0,3,5,50,13
0,4,5,50,13
0,5,6,60,13
0,6,2,20,13
0,7,4,40,13
0,8,5,50,13
0,9,0,0,13
1,0,2,20,13
1,1,0,0,13
1,2,4,40,13
1,3,3,30,13
1,4,5,50,13
1,5,5,50,13
1,6,2,20,13
1,7,2,20,13
1,8,3,30,13
1,9,2,20,13
2,0,6,60,13
2,1,4,40,13
2,2,0,0,13
2,3,3,30,13
2,4,5,50,13
2,5,2,20,13
2,6,5,50,13
2,7,3,30,13
2,8,2,20,13
2,9,6,60,13
3,0,5,50,13
3,1,3,30,13
3,2,3,30,13
3,3,0,0,13
3,4,8,80,13
3,5,5,50,13
3,6,5,50,13
3,7,5,50,13
3,8,5,50,13
3,9,5,50,13
4,0,5,50,13
4,1,5,50,13
4,2,5,50,13
4,3,8,80,13
4,4,0,0,13
4,5,3,30,13
4,6,3,30,13
4,7,5,50,13
4,8,5,50,13
4,9,5,50,13
5,0,5,50,13
5,1,5,50,13
5,2,2,20,13
5,3,5,50,13
5,4,3,30,13
5,5,0,0,13
5,6,4,40,13
5,7,3,30,13
5,8,2,20,13
5,9,6,60,13
6,0,2,20,13
6,1,2,20,13
6,2,5,50,13
6,3,5,50,13
6,4,3,30,13
6,5,4,40,13
6,6,0,0,13
6,7,2,20,13
6,8,3,30,13
6,9,2,20,13
7,0,4,40,13
7,1,2,20,13
7,2,3,30,13
7,3,5,50,13
7,4,5,50,13
7,5,3,30,13
7,6,2,20,13
7,7,0,0,13
7,8,1,10,13
7,9,4,40,13
8,0,5,50,13
8,1,3,30,13
8,2,2,20,13
8,3,5,50,13
8,4,5,50,13
8,5,2,20,13
8,6,3,30,13
8,7,1,10,13
8,8,0,0,13
8,9,5,50,13
9,0,0,0,13
9,1,2,20,13
9,2,6,60,13
9,3,5,50,13
9,4,5,50,13
9,5,6,60,13
9,6,2,20,13
9,7,4,40,13
9,8,5,50,13
9,9,0,0,13
0,0,0,0,14
0,1,2,20,14
0,2,6,60,14
0,3,5,50,14
0,4,5,50,14
0,5,6,60,14
0,6,2,20,14
0,7,4,40,14
0,8,5,50,14
0,9,0,0,14
1,0,2,20,14
1,1,0,0,14
1,2,4,40,14
1,3,3,30,14
1,4,5,50,14
1,5,5,50,14
1,6,2,20,14
1,7,2,20,14
1,8,3,30,14
1,9,2,20,14
2,0,6,60,14
2,1,4,40,14
2,2,0,0,14
2,3,3,30,14
2,4,5,50,14
2,5,2,20,14
2,6,5,50,14
2,7,3,30,14
2,8,2,20,14
2,9,6,60,14
3,0,5,50,14
3,1,3,30,14
3,2,3,30,14
3,3,0,0,14
3,4,8,80,14
3,5,5,50,14
3,6,5,50,14
3,7,5,50,14
3,8,5,50,14
3,9,5,50,14
4,0,5,50,14
4,1,5,50,14
4,2,5,50,14
4,3,8,80,14
4,4,0,0,14
4,5,3,30,14
4,6,3,30,14
4,7,5,50,14
4,8,5,50,14
4,9,5,50,14
5,0,5,50,14
5,1,5,50,14
5,2,2,20,14
5,3,5,50,14
5,4,3,30,14
5,5,0,0,14
5,6,4,40,14
5,7,3,30,14
5,8,2,20,14
5,9,6,60,14
6,0,2,20,14
6,1,2,20,14
6,2,5,50,14
6,3,5,50,14
6,4,3,30,14
6,5,4,40,14
6,6,0,0,14
6,7,2,20,14
6,8,3,30,14
6,9,2,20,14
7,0,4,40,14
7,1,2,20,14
7,2,3,30,14
7,3,5,50,14
7,4,5,50,14
7,5,3,30,14
7,6,2,20,14
7,7,0,0,14
7,8,1,10,14
7,9,4,40,14
8,0,5,50,14
8,1,3,30,14
8,2,2,20,14
8,3,5,50,14
8,4,5,50,14
8,5,2,20,14
8,6,3,30,14
8,7,1,10,14
8,8,0,0,14
8,9,5,50,14
9,0,0,0,14
9,1,2,20,14
9,2,6,60,14
9,3,5,50,14
9,4,5,50,14
9,5,6,60,14
9,6,2,20,14
9,7,4,40,14
9,8,5,50,14
9,9,0,0,14
0,0,0,0,15
0,1,2,20,15
0,2,6,60,15
0,3,5,50,15
0,4,5,50,15
0,5,6,60,15
0,6,2,20,15
0,7,4,40,15
0,8,5,50,15
0,9,0,0,15
1,0,2,20,15
1,1,0,0,15
1,2,4,40,15
1,3,3,30,15
1,4,5,50,15
1,5,5,50,15
1,6,2,20,15
1,7,2,20,15
1,8,3,30,15
1,9,2,20,15
2,0,6,60,15
2,1,4,40,15
2,2,0,0,15
2,3,3,30,15
2,4,5,50,15
2,5,2,20,15
2,6,5,50,15
2,7,3,30,15
2,8,2,20,15
2,9,6,60,15
3,0,5,50,15
3,1,3,30,15
3,2,3,30,15
3,3,0,0,15
3,4,8,80,15
3,5,5,50,15
3,6,5,50,15
3,7,5,50,15
3,8,5,50,15
3,9,5,50,15
4,0,5,50,15
4,1,5,50,15
4,2,5,50,15
4,3,8,80,15
4,4,0,0,15
4,5,3,30,15
4,6,3,30,15
4,7,5,50,15
4,8,5,50,15
4,9,5,50,15
5,0,5,50,15
5,1,5,50,15
5,2,2,20,15
5,3,5,50,15
5,4,3,30,15
5,5,0,0,15
5,6,4,40,15
5,7,3,30,15
5,8,2,20,15
5,9,6,60,15
6,0,2,20,15
6,1,2,20,15
6,2,5,50,15
6,3,5,50,15
6,4,3,30,15
6,5,4,40,15
6,6,0,0,15
6,7,2,20,15
6,8,3,30,15
6,9,2,20,15
7,0,4,40,15
7,1,2,20,15
7,2,3,30,15
7,3,5,50,15
7,4,5,50,15
7,5,3,30,15
7,6,2,20,15
7,7,0,0,15
7,8,1,10,15
7,9,4,40,15
8,0,5,50,15
8,1,3,30,15
8,2,2,20,15
8,3,5,50,15
8,4,5,50,15
8,5,2,20,15
8,6,3,30,15
8,7,1,10,15
8,8,0,0,15
8,9,5,50,15
9,0,0,0,15
9,1,2,20,15
9,2,6,60,15
9,3,5,50,15
9,4,5,50,15
9,5,6,60,15
9,6,2,20,15
9,7,4,40,15
9,8,5,50,15
9,9,0,0,15
0,0,0,0,16
0,1,2,20,16
0,2,6,60,16
0,3,5,50,16
0,4,5,50,16
0,5,6,60,16
0,6,2,20,16
0,7,4,40,16
0,8,5,50,16
0,9,0,0,16
1,0,2,20,16
1,1,0,0,16
1,2,4,40,16
1,3,3,30,16
1,4,5,50,16
1,5,5,50,16
1,6,2,20,16
1,7,2,20,16
1,8,3,30,16
1,9,2,20,16
2,0,6,60,16
2,1,4,40,16
2,2,0,0,16
2,3,3,30,16
2,4,5,50,16
2,5,2,20,16
2,6,5,50,16
2,7,3,30,16
2,8,2,20,16
2,9,6,60,16
3,0,5,50,16
3,1,3,30,16
3,2,3,30,16
3,3,0,0,16
3,4,8,80,16
3,5,5,50,16
3,6,5,50,16
3,7,5,50,16
3,8,5,50,16
3,9,5,50,16
4,0,5,50,16
4,1,5,50,16
4,2,5,50,16
4,3,8,80,16
4,4,0,0,16
4,5,3,30,16
4,6,3,30,16
4,7,5,50,16
4,8,5,50,16
4,9,5,50,16
5,0,5,50,16
5,1,5,50,16
5,2,2,20,16
5,3,5,50,16
5,4,3,30,16
5,5,0,0,16
5,6,4,40,16
5,7,3,30,16
5,8,2,20,16
5,9,6,60,16
6,0,2,20,16
6,1,2,20,16
6,2,5,50,16
6,3,5,50,16
6,4,3,30,16
6,5,4,40,16
6,6,0,0,16
6,7,2,20,16
6,8,3,30,16
6,9,2,20,16
7,0,4,40,16
7,1,2,20,16
7,2,3,30,16
7,3,5,50,16
7,4,5,50,16
7,5,3,30,16
7,6,2,20,16
7,7,0,0,16
7,8,1,10,16
7,9,4,40,16
8,0,5,50,16
8,1,3,30,16
8,2,2,20,16
8,3,5,50,16
8,4,5,50,16
8,5,2,20,16
8,6,3,30,16
8,7,1,10,16
8,8,0,0,16
8,9,5,50,16
9,0,0,0,16
9,1,2,20,16
9,2,6,60,16
9,3,5,50,16
9,4,5,50,16
9,5,6,60,16
9,6,2,20,16
9,7,4,40,16
9,8,5,50,16
9,9,0,0,16
0,0,0,0,17
0,1,2,20,17
0,2,6,60,17
0,3,5,50,17
0,4,5,50,17
0,5,6,60,17
0,6,2,20,17
0,7,4,40,17
0,8,5,50,17
0,9,0,0,17
1,0,2,20,17
1,1,0,0,17
1,2,4,40,17
1,3,3,30,17
1,4,5,50,17
1,5,5,50,17
1,6,2,20,17
1,7,2,20,17
1,8,3,30,17
1,9,2,20,17
2,0,6,60,17
2,1,4,40,17
2,2,0,0,17
2,3,3,30,17
2,4,5,50,17
2,5,2,20,17
2,6,5,50,17
2,7,3,30,17
2,8,2,20,17
2,9,6,60,17
3,0,5,50,17
3,1,3,30,17
3,2,3,30,17
3,3,0,0,17
3,4,8,80,17
3,5,5,50,17
3,6,5,50,17
3,7,5,50,17
3,8,5,50,17
3,9,5,50,17
4,0,5,50,17
4,1,5,50,17
4,2,5,50,17
4,3,8,80,17
4,4,0,0,17
4,5,3,30,17
4,6,3,30,17
4,7,5,50,17
4,8,5,50,17
4,9,5,50,17
5,0,5,50,17
5,1,5,50,17
5,2,2,20,17
5,3,5,50,17
5,4,3,30,17
5,5,0,0,17
5,6,4,40,17
5,7,3,30,17
5,8,2,20,17
5,9,6,60,17
6,0,2,20,17
6,1,2,20,17
6,2,5,50,17
6,3,5,50,17
6,4,3,30,17
6,5,4,40,17
6,6,0,0,17
6,7,2,20,17
6,8,3,30,17
6,9,2,20,17
7,0,4,40,17
7,1,2,20,17
7,2,3,30,17
7,3,5,50,17
7,4,5,50,17
7,5,3,30,17
7,6,2,20,17
7,7,0,0,17
7,8,1,10,17
7,9,4,40,17
8,0,5,50,17
8,1,3,30,17
8,2,2,20,17
8,3,5,50,17
8,4,5,50,17
8,5,2,20,17
8,6,3,30,17
8,7,1,10,17
8,8,0,0,17
8,9,5,50,17
9,0,0,0,17
9,1,2,20,17
9,2,6,60,17
9,3,5,50,17
9,4,5,50,17
9,5,6,60,17
9,6,2,20,17
9,7,4,40,17
9,8,5,50,17
9,9,0,0,17
0,0,0,0,18
0,1,2,20,18
0,2,6,60,18
0,3,5,50,18
0,4,5,50,18
0,5,6,60,18
0,6,2,20,18
0,7,4,40,18
0,8,5,50,18
0,9,0,0,18
1,0,2,20,18
1,1,0,0,18
1,2,4,40,18
1,3,3,30,18
1,4,5,50,18
1,5,5,50,18
1,6,2,20,18
1,7,2,20,18
1,8,3,30,18
1,9,2,20,18
2,0,6,60,18
2,1,4,40,18
2,2,0,0,18
2,3,3,30,18
2,4,5,50,18
2,5,2,20,18
2,6,5,50,18
2,7,3,30,18
2,8,2,20,18
2,9,6,60,18
3,0,5,50,18
3,1,3,30,18
3,2,3,30,18
3,3,0,0,18
3,4,8,80,18
3,5,5,50,18
3,6,5,50,18
3,7,5,50,18
3,8,5,50,18
3,9,5,50,18
4,0,5,50,18
4,1,5,50,18
4,2,5,50,18
4,3,8,80,18
4,4,0,0,18
4,5,3,30,18
4,6,3,30,18
4,7,5,50,18
4,8,5,50,18
4,9,5,50,18
5,0,5,50,18
5,1,5,50,18
5,2,2,20,18
5,3,5,50,18
5,4,3,30,18
5,5,0,0,18
5,6,4,40,18
5,7,3,30,18
5,8,2,20,18
5,9,6,60,18
6,0,2,20,18
6,1,2,20,18
6,2,5,50,18
6,3,5,50,18
6,4,3,30,18
6,5,4,40,18
6,6,0,0,18
6,7,2,20,18
6,8,3,30,18
6,9,2,20,18
7,0,4,40,18
7,1,2,20,18
7,2,3,30,18
7,3,5,50,18
7,4,5,50,18
7,5,3,30,18
7,6,2,20,18
7,7,0,0,18
7,8,1,10,18
7,9,4,40,18
8,0,5,50,18
8,1,3,30,18
8,2,2,20,18
8,3,5,50,18
8,4,5,50,18
8,5,2,20,18
8,6,3,30,18
8,7,1,10,18
8,8,0,0,18
8,9,5,50,18
9,0,0,0,18
9,1,2,20,18
9,2,6,60,18
9,3,5,50,18
9,4,5,50,18
9,5,6,60,18
9,6,2,20,18
9,7,4,40,18
9,8,5,50,18
9,9,0,0,18
0,0,0,0,19
0,1,2,20,19
0,2,6,60,19
0,3,5,50,19
0,4,5,50,19
0,5,6,60,19
0,6,2,20,19
0,7,4,40,19
0,8,5,50,19
0,9,0,0,19
1,0,2,20,19
1,1,0,0,19
1,2,4,40,19
1,3,3,30,19
1,4,5,50,19
1,5,5,50,19
1,6,2,20,19
1,7,2,20,19
1,8,3,30,19
1,9,2,20,19
2,0,6,60,19
2,1,4,40,19
2,2,0,0,19
2,3,3,30,19
2,4,5,50,19
2,5,2,20,19
2,6,5,50,19
2,7,3,30,19
2,8,2,20,19
2,9,6,60,19
3,0,5,50,19
3,1,3,30,19
3,2,3,30,19
3,3,0,0,19
3,4,8,80,19
3,5,5,50,19
3,6,5,50,19
3,7,5,50,19
3,8,5,50,19
3,9,5,50,19
4,0,5,50,19
4,1,5,50,19
4,2,5,50,19
4,3,8,80,19
4,4,0,0,19
4,5,3,30,19
4,6,3,30,19
4,7,5,50,19
4,8,5,50,19
4,9,5,50,19
5,0,5,50,19
5,1,5,50,19
5,2,2,20,19
5,3,5,50,19
5,4,3,30,19
5,5,0,0,19
5,6,4,40,19
5,7,3,30,19
5,8,2,20,19
5,9,6,60,19
6,0,2,20,19
6,1,2,20,19
6,2,5,50,19
6,3,5,50,19
6,4,3,30,19
6,5,4,40,19
6,6,0,0,19
6,7,2,20,19
6,8,3,30,19
6,9,2,20,19
7,0,4,40,19
7,1,2,20,19
7,2,3,30,19
7,3,5,50,19
7,4,5,50,19
7,5,3,30,19
7,6,2,20,19
7,7,0,0,19
7,8,1,10,19
7,9,4,40,19
8,0,5,50,19
8,1,3,30,19
8,2,2,20,19
8,3,5,50,19
8,4,5,50,19
8,5,2,20,19
8,6,3,30,19
8,7,1,10,19
8,8,0,0,19
8,9,5,50,19
9,0,0,0,19
9,1,2,20,19
9,2,6,60,19
9,3,5,50,19
9,4,5,50,19
9,5,6,60,19
9,6,2,20,19
9,7,4,40,19
9,8,5,50,19
9,9,0,0,19
0,0,0,0,20
0,1,2,20,20
0,2,6,60,20
0,3,5,50,20
0,4,5,50,20
0,5,6,60,20
0,6,2,20,20
0,7,4,40,20
0,8,5,50,20
0,9,0,0,20
1,0,2,20,20
1,1,0,0,20
1,2,4,40,20
1,3,3,30,20
1,4,5,50,20
1,5,5,50,20
1,6,2,20,20
1,7,2,20,20
1,8,3,30,20
1,9,2,20,20
2,0,6,60,20
2,1,4,40,20
2,2,0,0,20
2,3,3,30,20
2,4,5,50,20
2,5,2,20,20
2,6,5,50,20
2,7,3,30,20
2,8,2,20,20
2,9,6,60,20
3,0,5,50,20
3,1,3,30,20
3,2,3,30,20
3,3,0,0,20
3,4,8,80,20
3,5,5,50,20
3,6,5,50,20
3,7,5,50,20
3,8,5,50,20
3,9,5,50,20
4,0,5,50,20
4,1,5,50,20
4,2,5,50,20
4,3,8,80,20
4,4,0,0,20
4,5,3,30,20
4,6,3,30,20
4,7,5,50,20
4,8,5,50,20
4,9,5,50,20
5,0,5,50,20
5,1,5,50,20
5,2,2,20,20
5,3,5,50,20
5,4,3,30,20
5,5,0,0,20
5,6,4,40,20
5,7,3,30,20
5,8,2,20,20
5,9,6,60,20
6,0,2,20,20
6,1,2,20,20
6,2,5,50,20
6,3,5,50,20
6,4,3,30,20
6,5,4,40,20
6,6,0,0,20
6,7,2,20,20
6,8,3,30,20
6,9,2,20,20
7,0,4,40,20
7,1,2,20,20
7,2,3,30,20
7,3,5,50,20
7,4,5,50,20
7,5,3,30,20
7,6,2,20,20
7,7,0,0,20
7,8,1,10,20
7,9,4,40,20
8,0,5,50,20
8,1,3,30,20
8,2,2,20,20
8,3,5,50,20
8,4,5,50,20
8,5,2,20,20
8,6,3,30,20
8,7,1,10,20
8,8,0,0,20
8,9,5,50,20
9,0,0,0,20
9,1,2,20,20
9,2,6,60,20
9,3,5,50,20
9,4,5,50,20
9,5,6,60,20
9,6,2,20,20
9,7,4,40,20
9,8,5,50,20
9,9,0,0,20
0,0,0,0,21
0,1,2,20,21
0,2,6,60,21
0,3,5,50,21
0,4,5,50,21
0,5,6,60,21
0,6,2,20,21
0,7,4,40,21
0,8,5,50,21
0,9,0,0,21
1,0,2,20,21
1,1,0,0,21
1,2,4,40,21
1,3,3,30,21
1,4,5,50,21
1,5,5,50,21
1,6,2,20,21
1,7,2,20,21
1,8,3,30,21
1,9,2,20,21
2,0,6,60,21
2,1,4,40,21
2,2,0,0,21
2,3,3,30,21
2,4,5,50,21
2,5,2,20,21
2,6,5,50,21
2,7,3,30,21
2,8,2,20,21
2,9,6,60,21
3,0,5,50,21
3,1,3,30,21
3,2,3,30,21
3,3,0,0,21
3,4,8,80,21
3,5,5,50,21
3,6,5,50,21
3,7,5,50,21
3,8,5,50,21
3,9,5,50,21
4,0,5,50,21
4,1,5,50,21
4,2,5,50,21
4,3,8,80,21
4,4,0,0,21
4,5,3,30,21
4,6,3,30,21
4,7,5,50,21
4,8,5,50,21
4,9,5,50,21
5,0,5,50,21
5,1,5,50,21
5,2,2,20,21
5,3,5,50,21
5,4,3,30,21
5,5,0,0,21
5,6,4,40,21
5,7,3,30,21
5,8,2,20,21
5,9,6,60,21
6,0,2,20,21
6,1,2,20,21
6,2,5,50,21
6,3,5,50,21
6,4,3,30,21
6,5,4,40,21
6,6,0,0,21
6,7,2,20,21
6,8,3,30,21
6,9,2,20,21
7,0,4,40,21
7,1,2,20,21
7,2,3,30,21
7,3,5,50,21
7,4,5,50,21
7,5,3,30,21
7,6,2,20,21
7,7,0,0,21
7,8,1,10,21
7,9,4,40,21
8,0,5,50,21
8,1,3,30,21
8,2,2,20,21
8,3,5,50,21
8,4,5,50,21
8,5,2,20,21
8,6,3,30,21
8,7,1,10,21
8,8,0,0,21
8,9,5,50,21
9,0,0,0,21
9,1,2,20,21
9,2,6,60,21
9,3,5,50,21
9,4,5,50,21
9,5,6,60,21
9,6,2,20,21
9,7,4,40,21
9,8,5,50,21
9,9,0,0,21
0,0,0,0,22
0,1,2,20,22
0,2,6,60,22
0,3,5,50,22
0,4,5,50,22
0,5,6,60,22
0,6,2,20,22
0,7,4,40,22
0,8,5,50,22
0,9,0,0,22
1,0,2,20,22
1,1,0,0,22
1,2,4,40,22
1,3,3,30,22
1,4,5,50,22
1,5,5,50,22
1,6,2,20,22
1,7,2,20,22
1,8,3,30,22
1,9,2,20,22
2,0,6,60,22
2,1,4,40,22
2,2,0,0,22
2,3,3,30,22
2,4,5,50,22
2,5,2,20,22
2,6,5,50,22
2,7,3,30,22
2,8,2,20,22
2,9,6,60,22
3,0,5,50,22
3,1,3,30,22
3,2,3,30,22
3,3,0,0,22
3,4,8,80,22
3,5,5,50,22
3,6,5,50,22
3,7,5,50,22
3,8,5,50,22
3,9,5,50,22
4,0,5,50,22
4,1,5,50,22
4,2,5,50,22
4,3,8,80,22
4,4,0,0,22
4,5,3,30,22
4,6,3,30,22
4,7,5,50,22
4,8,5,50,22
4,9,5,50,22
5,0,5,50,22
5,1,5,50,22
5,2,2,20,22
5,3,5,50,22
5,4,3,30,22
5,5,0,0,22
5,6,4,40,22
5,7,3,30,22
5,8,2,20,22
5,9,6,60,22
6,0,2,20,22
6,1,2,20,22
6,2,5,50,22
6,3,5,50,22
6,4,3,30,22
6,5,4,40,22
6,6,0,0,22
6,7,2,20,22
6,8,3,30,22
6,9,2,20,22
7,0,4,40,22
7,1,2,20,22
7,2,3,30,22
7,3,5,50,22
7,4,5,50,22
7,5,3,30,22
7,6,2,20,22
7,7,0,0,22
7,8,1,10,22
7,9,4,40,22
8,0,5,50,22
8,1,3,30,22
8,2,2,20,22
8,3,5,50,22
8,4,5,50,22
8,5,2,20,22
8,6,3,30,22
8,7,1,10,22
8,8,0,0,22
8,9,5,50,22
9,0,0,0,22
9,1,2,20,22
9,2,6,60,22
9,3,5,50,22
9,4,5,50,22
9,5,6,60,22
9,6,2,20,22
9,7,4,40,22
9,8,5,50,22
9,9,0,0,22
0,0,0,0,23
0,1,2,20,23
0,2,6,60,23
0,3,5,50,23
0,4,5,50,23
0,5,6,60,23
0,6,2,20,23
0,7,4,40,23
0,8,5,50,23
0,9,0,0,23
1,0,2,20,23
1,1,0,0,23
1,2,4,40,23
1,3,3,30,23
1,4,5,50,23
1,5,5,50,23
1,6,2,20,23
1,7,2,20,23
1,8,3,30,23
1,9,2,20,23
2,0,6,60,23
2,1,4,40,23
2,2,0,0,23
2,3,3,30,23
2,4,5,50,23
2,5,2,20,23
2,6,5,50,23
2,7,3,30,23
2,8,2,20,23
2,9,6,60,23
3,0,5,50,23
3,1,3,30,23
3,2,3,30,23
3,3,0,0,23
3,4,8,80,23
3,5,5,50,23
3,6,5,50,23
3,7,5,50,23
3,8,5,50,23
3,9,5,50,23
4,0,5,50,23
4,1,5,50,23
4,2,5,50,23
4,3,8,80,23
4,4,0,0,23
4,5,3,30,23
4,6,3,30,23
4,7,5,50,23
4,8,5,50,23
4,9,5,50,23
5,0,5,50,23
5,1,5,50,23
5,2,2,20,23
5,3,5,50,23
5,4,3,30,23
5,5,0,0,23
5,6,4,40,23
5,7,3,30,23
5,8,2,20,23
5,9,6,60,23
6,0,2,20,23
6,1,2,20,23
6,2,5,50,23
6,3,5,50,23
6,4,3,30,23
6,5,4,40,23
6,6,0,0,23
6,7,2,20,23
6,8,3,30,23
6,9,2,20,23
7,0,4,40,23
7,1,2,20,23
7,2,3,30,23
7,3,5,50,23
7,4,5,50,23
7,5,3,30,23
7,6,2,20,23
7,7,0,0,23
7,8,1,10,23
7,9,4,40,23
8,0,5,50,23
8,1,3,30,23
8,2,2,20,23
8,3,5,50,23
8,4,5,50,23
8,5,2,20,23
8,6,3,30,23
8,7,1,10,23
8,8,0,0,23
8,9,5,50,23
9,0,0,0,23
9,1,2,20,23
9,2,6,60,23
9,3,5,50,23
9,4,5,50,23
9,5,6,60,23
9,6,2,20,23
9,7,4,40,23
9,8,5,50,23
9,9,0,0,23
0,0,0,0,24
0,1,2,20,24
0,2,6,60,24
0,3,5,50,24
0,4,5,50,24
0,5,6,60,24
0,6,2,20,24
0,7,4,40,24
0,8,5,50,24
0,9,0,0,24
1,0,2,20,24
1,1,0,0,24
1,2,4,40,24
1,3,3,30,24
1,4,5,50,24
1,5,5,50,24
1,6,2,20,24
1,7,2,20,24
1,8,3,30,24
1,9,2,20,24
2,0,6,60,24
2,1,4,40,24
2,2,0,0,24
2,3,3,30,24
2,4,5,50,24
2,5,2,20,24
2,6,5,50,24
2,7,3,30,24
2,8,2,20,24
2,9,6,60,24
3,0,5,50,24
3,1,3,30,24
3,2,3,30,24
3,3,0,0,24
3,4,9,80,24
3,5,5,50,24
3,6,5,50,24
3,7,5,50,24
3,8,5,50,24
3,9,5,50,24
4,0,5,50,24
4,1,5,50,24
4,2,5,50,24
4,3,9,80,24
4,4,0,0,24
4,5,3,30,24
4,6,3,30,24
4,7,5,50,24
4,8,5,50,24
4,9,5,50,24
5,0,5,50,24
5,1,5,50,24
5,2,2,20,24
5,3,5,50,24
5,4,3,30,24
5,5,0,0,24
5,6,4,40,24
5,7,3,30,24
5,8,2,20,24
5,9,6,60,24
6,0,2,20,24
6,1,2,20,24
6,2,5,50,24
6,3,5,50,24
6,4,3,30,24
6,5,4,40,24
6,6,0,0,24
6,7,2,20,24
6,8,3,30,24
6,9,2,20,24
7,0,4,40,24
7,1,2,20,24
7,2,3,30,24
7,3,5,50,24
7,4,5,50,24
7,5,3,30,24
7,6,2,20,24
7,7,0,0,24
7,8,1,10,24
7,9,4,40,24
8,0,5,50,24
8,1,3,30,24
8,2,2,20,24
8,3,5,50,24
8,4,5,50,24
8,5,2,20,24
8,6,3,30,24
8,7,1,10,24
8,8,0,0,24
8,9,5,50,24
9,0,0,0,24
9,1,2,20,24
9,2,6,60,24
9,3,5,50,24
9,4,5,50,24
9,5,6,60,24
9,6,2,20,24
9,7,4,40,24
9,8,5,50,24
9,9,0,0,24
0,0,0,0,25
0,1,2,20,25
0,2,6,60,25
0,3,5,50,25
0,4,5,50,25
0,5,6,60,25
0,6,2,20,25
0,7,4,40,25
0,8,5,50,25
0,9,0,0,25
1,0,2,20,25
1,1,0,0,25
1,2,4,40,25
1,3,3,30,25
1,4,5,50,25
1,5,5,50,25
1,6,2,20,25
1,7,2,20,25
1,8,3,30,25
1,9,2,20,25
2,0,6,60,25
2,1,4,40,25
2,2,0,0,25
2,3,3,30,25
2,4,5,50,25
2,5,2,20,25
2,6,5,50,25
2,7,3,30,25
2,8,2,20,25
2,9,6,60,25
3,0,5,50,25
3,1,3,30,25
3,2,3,30,25
3,3,0,0,25
3,4,9,80,25
3,5,5,50,25
3,6,5,50,25
3,7,5,50,25
3,8,5,50,25
3,9,5,50,25
4,0,5,50,25
4,1,5,50,25
4,2,5,50,25
4,3,9,80,25
4,4,0,0,25
4,5,3,30,25
4,6,3,30,25
4,7,5,50,25
4,8,5,50,25
4,9,5,50,25
5,0,5,50,25
5,1,5,50,25
5,2,2,20,25
5,3,5,50,25
5,4,3,30,25
5,5,0,0,25
5,6,4,40,25
5,7,3,30,25
5,8,2,20,25
5,9,6,60,25
6,0,2,20,25
6,1,2,20,25
6,2,5,50,25
6,3,5,50,25
6,4,3,30,25
6,5,4,40,25
6,6,0,0,25
6,7,2,20,25
6,8,3,30,25
6,9,2,20,25
7,0,4,40,25
7,1,2,20,25
7,2,3,30,25
7,3,5,50,25
7,4,5,50,25
7,5,3,30,25
7,6,2,20,25
7,7,0,0,25
7,8,1,10,25
7,9,4,40,25
8,0,5,50,25
8,1,3,30,25
8,2,2,20,25
8,3,5,50,25
8,4,5,50,25
8,5,2,20,25
8,6,3,30,25
8,7,1,10,25
8,8,0,0,25
8,9,5,50,25
9,0,0,0,25
9,1,2,20,25
9,2,6,60,25
9,3,5,50,25
9,4,5,50,25
9,5,6,60,25
9,6,2,20,25
9,7,4,40,25
9,8,5,50,25
9,9,0,0,25
0,0,0,0,26
0,1,2,20,26
0,2,7,60,26
0,3,5,50,26
0,4,5,50,26
0,5,7,60,26
0,6,2,20,26
0,7,4,40,26
0,8,5,50,26
0,9,0,0,26
1,0,2,20,26
1,1,0,0,26
1,2,4,40,26
1,3,3,30,26
1,4,5,50,26
1,5,5,50,26
1,6,2,20,26
1,7,2,20,26
1,8,3,30,26
1,9,2,20,26
2,0,7,60,26
2,1,4,40,26
2,2,0,0,26
2,3,3,30,26
2,4,5,50,26
2,5,2,20,26
2,6,5,50,26
2,7,3,30,26
2,8,2,20,26
2,9,7,60,26
3,0,5,50,26
3,1,3,30,26
3,2,3,30,26
3,3,0,0,26
3,4,10,80,26
3,5,5,50,26
3,6,5,50,26
3,7,5,50,26
3,8,5,50,26
3,9,5,50,26
4,0,5,50,26
4,1,5,50,26
4,2,5,50,26
4,3,10,80,26
4,4,0,0,26
4,5,3,30,26
4,6,3,30,26
4,7,5,50,26
4,8,5,50,26
4,9,5,50,26
5,0,5,50,26
5,1,5,50,26
5,2,2,20,26
5,3,5,50,26
5,4,3,30,26
5,5,0,0,26
5,6,4,40,26
5,7,3,30,26
5,8,2,20,26
5,9,7,60,26
6,0,2,20,26
6,1,2,20,26
6,2,5,50,26
6,3,5,50,26
6,4,3,30,26
6,5,4,40,26
6,6,0,0,26
6,7,2,20,26
6,8,3,30,26
6,9,2,20,26
7,0,4,40,26
7,1,2,20,26
7,2,3,30,26
7,3,5,50,26
7,4,5,50,26
7,5,3,30,26
7,6,2,20,26
7,7,0,0,26
7,8,1,10,26
7,9,4,40,26
8,0,5,50,26
8,1,3,30,26
8,2,2,20,26
8,3,5,50,26
8,4,5,50,26
8,5,2,20,26
8,6,3,30,26
8,7,1,10,26
8,8,0,0,26
8,9,5,50,26
9,0,0,0,26
9,1,2,20,26
9,2,7,60,26
9,3,5,50,26
9,4,5,50,26
9,5,7,60,26
9,6,2,20,26
9,7,4,40,26
9,8,5,50,26
9,9,0,0,26
0,0,0,0,27
0,1,2,20,27
0,2,7,60,27
0,3,6,50,27
0,4,6,50,27
0,5,7,60,27
0,6,2,20,27
0,7,4,40,27
0,8,6,50,27
0,9,0,0,27
1,0,2,20,27
1,1,0,0,27
1,2,4,40,27
1,3,3,30,27
1,4,6,50,27
1,5,6,50,27
1,6,2,20,27
1,7,2,20,27
1,8,3,30,27
1,9,2,20,27
2,0,7,60,27
2,1,4,40,27
2,2,0,0,27
2,3,3,30,27
2,4,6,50,27
2,5,2,20,27
2,6,6,50,27
2,7,3,30,27
2,8,2,20,27
2,9,7,60,27
3,0,6,50,27
3,1,3,30,27
3,2,3,30,27
3,3,0,0,27
3,4,11,80,27
3,5,6,50,27
3,6,6,50,27
3,7,6,50,27
3,8,6,50,27
3,9,6,50,27
4,0,6,50,27
4,1,6,50,27
4,2,6,50,27
4,3,11,80,27
4,4,0,0,27
4,5,3,30,27
4,6,3,30,27
4,7,6,50,27
4,8,6,50,27
4,9,6,50,27
5,0,6,50,27
5,1,6,50,27
5,2,2,20,27
5,3,6,50,27
5,4,3,30,27
5,5,0,0,27
5,6,4,40,27
5,7,3,30,27
5,8,2,20,27
5,9,7,60,27
6,0,2,20,27
6,1,2,20,27
6,2,6,50,27
6,3,6,50,27
6,4,3,30,27
6,5,4,40,27
6,6,0,0,27
6,7,2,20,27
6,8,3,30,27
6,9,2,20,27
7,0,4,40,27
7,1,2,20,27
7,2,3,30,27
7,3,6,50,27
7,4,6,50,27
7,5,3,30,27
7,6,2,20,27
7,7,0,0,27
7,8,1,10,27
7,9,4,40,27
8,0,6,50,27
8,1,3,30,27
8,2,2,20,27
8,3,6,50,27
8,4,6,50,27
8,5,2,20,27
8,6,3,30,27
8,7,1,10,27
8,8,0,0,27
8,9,6,50,27
9,0,0,0,27
9,1,2,20,27
9,2,7,60,27
9,3,6,50,27
9,4,6,50,27
9,5,7,60,27
9,6,2,20,27
9,7,4,40,27
9,8,6,50,27
9,9,0,0,27
0,0,0,0,28
0,1,2,20,28
0,2,8,60,28
0,3,6,50,28
0,4,6,50,28
0,5,8,60,28
0,6,2,20,28
0,7,5,40,28
0,8,6,50,28
0,9,0,0,28
1,0,2,20,28
1,1,0,0,28
1,2,5,40,28
1,3,3,30,28
1,4,6,50,28
1,5,6,50,28
1,6,2,20,28
1,7,2,20,28
1,8,3,30,28
1,9,2,20,28
2,0,8,60,28
2,1,5,40,28
2,2,0,0,28
2,3,3,30,28
2,4,6,50,28
2,5,2,20,28
2,6,6,50,28
2,7,3,30,28
2,8,2,20,28
2,9,8,60,28
3,0,6,50,28
3,1,3,30,28
3,2,3,30,28
3,3,0,0,28
3,4,12,80,28
3,5,6,50,28
3,6,6,50,28
3,7,6,50,28
3,8,6,50,28
3,9,6,50,28
4,0,6,50,28
4,1,6,50,28
4,2,6,50,28
4,3,12,80,28
4,4,0,0,28
4,5,3,30,28
4,6,3,30,28
4,7,6,50,28
4,8,6,50,28
4,9,6,50,28
5,0,6,50,28
5,1,6,50,28
5,2,2,20,28
5,3,6,50,28
5,4,3,30,28
5,5,0,0,28
5,6,5,40,28
5,7,3,30,28
5,8,2,20,28
5,9,8,60,28
6,0,2,20,28
6,1,2,20,28
6,2,6,50,28
6,3,6,50,28
6,4,3,30,28
6,5,5,40,28
6,6,0,0,28
6,7,2,20,28
6,8,3,30,28
6,9,2,20,28
7,0,5,40,28
7,1,2,20,28
7,2,3,30,28
7,3,6,50,28
7,4,6,50,28
7,5,3,30,28
7,6,2,20,28
7,7,0,0,28
7,8,1,10,28
7,9,5,40,28
8,0,6,50,28
8,1,3,30,28
8,2,2,20,28
8,3,6,50,28
8,4,6,50,28
8,5,2,20,28
8,6,3,30,28
8,7,1,10,28
8,8,0,0,28
8,9,6,50,28
9,0,0,0,28
9,1,2,20,28
9,2,8,60,28
9,3,6,50,28
9,4,6,50,28
9,5,8,60,28
9,6,2,20,28
9,7,5,40,28
9,8,6,50,28
9,9,0,0,28
0,0,0,0,29
0,1,2,20,29
0,2,9,60,29
0,3,7,50,29
0,4,7,50,29
0,5,9,60,29
0,6,2,20,29
0,7,5,40,29
0,8,7,50,29
0,9,0,0,29
1,0,2,20,29
1,1,0,0,29
1,2,5,40,29
1,3,4,30,29
1,4,7,50,29
1,5,7,50,29
1,6,2,20,29
1,7,2,20,29
1,8,4,30,29
1,9,2,20,29
2,0,9,60,29
2,1,5,40,29
2,2,0,0,29
2,3,4,30,29
2,4,7,50,29
2,5,2,20,29
2,6,7,50,29
2,7,4,30,29
2,8,2,20,29
2,9,9,60,29
3,0,7,50,29
3,1,4,30,29
3,2,4,30,29
3,3,0,0,29
3,4,12,80,29
3,5,7,50,29
3,6,7,50,29
3,7,7,50,29
3,8,7,50,29
3,9,7,50,29
4,0,7,50,29
4,1,7,50,29
4,2,7,50,29
4,3,12,80,29
4,4,0,0,29
4,5,4,30,29
4,6,4,30,29
4,7,7,50,29
4,8,7,50,29
4,9,7,50,29
5,0,7,50,29
5,1,7,50,29
5,2,2,20,29
5,3,7,50,29
5,4,4,30,29
5,5,0,0,29
5,6,5,40,29
5,7,4,30,29
5,8,2,20,29
5,9,9,60,29
6,0,2,20,29
6,1,2,20,29
6,2,7,50,29
6,3,7,50,29
6,4,4,30,29
6,5,5,40,29
6,6,0,0,29
6,7,2,20,29
6,8,4,30,29
6,9,2,20,29
7,0,5,40,29
7,1,2,20,29
7,2,4,30,29
7,3,7,50,29
7,4,7,50,29
7,5,4,30,29
7,6,2,20,29
7,7,0,0,29
7,8,1,10,29
7,9,5,40,29
8,0,7,50,29
8,1,4,30,29
8,2,2,20,29
8,3,7,50,29
8,4,7,50,29
8,5,2,20,29
8,6,4,30,29
8,7,1,10,29
8,8,0,0,29
8,9,7,50,29
9,0,0,0,29
9,1,2,20,29
9,2,9,60,29
9,3,7,50,29
9,4,7,50,29
9,5,9,60,29
9,6,2,20,29
9,7,5,40,29
9,8,7,50,29
9,9,0,0,29
0,0,0,0,30
0,1,3,20,30
0,2,10,60,30
0,3,8,50,30
0,4,8,50,30
0,5,10,60,30
0,6,3,20,30
0,7,6,40,30
0,8,8,50,30
0,9,0,0,30
1,0,3,20,30
1,1,0,0,30
1,2,6,40,30
1,3,4,30,30
1,4,8,50,30
1,5,8,50,30
1,6,3,20,30
1,7,3,20,30
1,8,4,30,30
1,9,3,20,30
2,0,10,60,30
2,1,6,40,30
2,2,0,0,30
2,3,4,30,30
2,4,8,50,30
2,5,3,20,30
2,6,8,50,30
2,7,4,30,30
2,8,3,20,30
2,9,10,60,30
3,0,8,50,30
3,1,4,30,30
3,2,4,30,30
3,3,0,0,30
3,4,13,80,30
3,5,8,50,30
3,6,8,50,30
3,7,8,50,30
3,8,8,50,30
3,9,8,50,30
4,0,8,50,30
4,1,8,50,30
4,2,8,50,30
4,3,13,80,30
4,4,0,0,30
4,5,4,30,30
4,6,4,30,30
4,7,8,50,30
4,8,8,50,30
4,9,8,50,30
5,0,8,50,30
5,1,8,50,30
5,2,3,20,30
5,3,8,50,30
5,4,4,30,30
5,5,0,0,30
5,6,6,40,30
5,7,4,30,30
5,8,3,20,30
5,9,10,60,30
6,0,3,20,30
6,1,3,20,30
6,2,8,50,30
6,3,8,50,30
6,4,4,30,30
6,5,6,40,30
6,6,0,0,30
6,7,3,20,30
6,8,4,30,30
6,9,3,20,30
7,0,6,40,30
7,1,3,20,30
7,2,4,30,30
7,3,8,50,30
7,4,8,50,30
7,5,4,30,30
7,6,3,20,30
7,7,0,0,30
7,8,1,10,30
7,9,6,40,30
8,0,8,50,30
8,1,4,30,30
8,2,3,20,30
8,3,8,50,30
8,4,8,50,30
8,5,3,20,30
8,6,4,30,30
8,7,1,10,30
8,8,0,0,30
8,9,8,50,30
9,0,0,0,30
9,1,3,20,30
9,2,10,60,30
9,3,8,50,30
9,4,8,50,30
9,5,10,60,30
9,6,3,20,30
9,7,6,40,30
9,8,8,50,30
9,9,0,0,30
0,0,0,0,31
0,1,3,20,31
0,2,10,60,31
0,3,8,50,31
0,4,8,50,31
0,5,10,60,31
0,6,3,20,31
0,7,6,40,31
0,8,8,50,31
0,9,0,0,31
1,0,3,20,31
1,1,0,0,31
1,2,6,40,31
1,3,4,30,31
1,4,8,50,31
1,5,8,50,31
1,6,3,20,31
1,7,3,20,31
1,8,4,30,31
1,9,3,20,31
2,0,10,60,31
2,1,6,40,31
2,2,0,0,31
2,3,4,30,31
2,4,8,50,31
2,5,3,20,31
2,6,8,50,31
2,7,4,30,31
2,8,3,20,31
2,9,10,60,31
3,0,8,50,31
3,1,4,30,31
3,2,4,30,31
3,3,0,0,31
3,4,13,80,31
3,5,8,50,31
3,6,8,50,31
3,7,8,50,31
3,8,8,50,31
3,9,8,50,31
4,0,8,50,31
4,1,8,50,31
4,2,8,50,31
4,3,13,80,31
4,4,0,0,31
4,5,4,30,31
4,6,4,30,31
4,7,8,50,31
4,8,8,50,31
4,9,8,50,31
5,0,8,50,31
5,1,8,50,31
5,2,3,20,31
5,3,8,50,31
5,4,4,30,31
5,5,0,0,31
5,6,6,40,31
5,7,4,30,31
5,8,3,20,31
5,9,10,60,31
6,0,3,20,31
6,1,3,20,31
6,2,8,50,31
6,3,8,50,31
6,4,4,30,31
6,5,6,40,31
6,6,0,0,31
6,7,3,20,31
6,8,4,30,31
6,9,3,20,31
7,0,6,40,31
7,1,3,20,31
7,2,4,30,31
7,3,8,50,31
7,4,8,50,31
7,5,4,30,31
7,6,3,20,31
7,7,0,0,31
7,8,1,10,31
7,9,6,40,31
8,0,8,50,31
8,1,4,30,31
8,2,3,20,31
8,3,8,50,31
8,4,8,50,31
8,5,3,20,31
8,6,4,30,31
8,7,1,10,31
8,8,0,0,31
8,9,8,50,31
9,0,0,0,31
9,1,3,20,31
9,2,10,60,31
9,3,8,50,31
9,4,8,50,31
9,5,10,60,31
9,6,3,20,31
9,7,6,40,31
9,8,8,50,31
9,9,0,0,31
0,0,0,0,32
0,1,3,20,32
0,2,10,60,32
0,3,9,50,32
0,4,9,50,32
0,5,10,60,32
0,6,3,20,32
0,7,7,40,32
0,8,9,50,32
0,9,0,0,32
1,0,3,20,32
1,1,0,0,32
1,2,7,40,32
1,3,5,30,32
1,4,9,50,32
1,5,9,50,32
1,6,3,20,32
1,7,3,20,32
1,8,5,30,32
1,9,3,20,32
2,0,10,60,32
2,1,7,40,32
2,2,0,0,32
2,3,5,30,32
2,4,9,50,32
2,5,3,20,32
2,6,9,50,32
2,7,5,30,32
2,8,3,20,32
2,9,10,60,32
3,0,9,50,32
3,1,5,30,32
3,2,5,30,32
3,3,0,0,32
3,4,13,80,32
3,5,9,50,32
3,6,9,50,32
3,7,9,50,32
3,8,9,50,32
3,9,9,50,32
4,0,9,50,32
4,1,9,50,32
4,2,9,50,32
4,3,13,80,32
4,4,0,0,32
4,5,5,30,32
4,6,5,30,32
4,7,9,50,32
4,8,9,50,32
4,9,9,50,32
5,0,9,50,32
5,1,9,50,32
5,2,3,20,32
5,3,9,50,32
5,4,5,30,32
5,5,0,0,32
5,6,7,40,32
5,7,5,30,32
5,8,3,20,32
5,9,10,60,32
6,0,3,20,32
6,1,3,20,32
6,2,9,50,32
6,3,9,50,32
6,4,5,30,32
6,5,7,40,32
6,6,0,0,32
6,7,3,20,32
6,8,5,30,32
6,9,3,20,32
7,0,7,40,32
7,1,3,20,32
7,2,5,30,32
7,3,9,50,32
7,4,9,50,32
7,5,5,30,32
7,6,3,20,32
7,7,0,0,32
7,8,1,10,32
7,9,7,40,32
8,0,9,50,32
8,1,5,30,32
8,2,3,20,32
8,3,9,50,32
8,4,9,50,32
8,5,3,20,32
8,6,5,30,32
8,7,1,10,32
8,8,0,0,32
8,9,9,50,32
9,0,0,0,32
9,1,3,20,32
9,2,10,60,32
9,3,9,50,32
9,4,9,50,32
9,5,10,60,32
9,6,3,20,32
9,7,7,40,32
9,8,9,50,32
9,9,0,0,32
0,0,0,0,33
0,1,3,20,33
0,2,10,60,33
0,3,9,50,33
0,4,9,50,33
0,5,10,60,33
0,6,3,20,33
0,7,7,40,33
0,8,9,50,33
0,9,0,0,33
1,0,3,20,33
1,1,0,0,33
1,2,7,40,33
1,3,5,30,33
1,4,9,50,33
1,5,9,50,33
1,6,3,20,33
1,7,3,20,33
1,8,5,30,33
1,9,3,20,33
2,0,10,60,33
2,1,7,40,33
2,2,0,0,33
2,3,5,30,33
2,4,9,50,33
2,5,3,20,33
2,6,9,50,33
2,7,5,30,33
2,8,3,20,33
2,9,10,60,33
3,0,9,50,33
3,1,5,30,33
3,2,5,30,33
3,3,0,0,33
3,4,13,80,33
3,5,9,50,33
3,6,9,50,33
3,7,9,50,33
3,8,9,50,33
3,9,9,50,33
4,0,9,50,33
4,1,9,50,33
4,2,9,50,33
4,3,13,80,33
4,4,0,0,33
4,5,5,30,33
4,6,5,30,33
4,7,9,50,33
4,8,9,50,33
4,9,9,50,33
5,0,9,50,33
5,1,9,50,33
5,2,3,20,33
5,3,9,50,33
5,4,5,30,33
5,5,0,0,33
5,6,7,40,33
5,7,5,30,33
5,8,3,20,33
5,9,10,60,33
6,0,3,20,33
6,1,3,20,33
6,2,9,50,33
6,3,9,50,33
6,4,5,30,33
6,5,7,40,33
6,6,0,0,33
6,7,3,20,33
6,8,5,30,33
6,9,3,20,33
7,0,7,40,33
7,1,3,20,33
7,2,5,30,33
7,3,9,50,33
7,4,9,50,33
7,5,5,30,33
7,6,3,20,33
7,7,0,0,33
7,8,1,10,33
7,9,7,40,33
8,0,9,50,33
8,1,5,30,33
8,2,3,20,33
8,3,9,50,33
8,4,9,50,33
8,5,3,20,33
8,6,5,30,33
8,7,1,10,33
8,8,0,0,33
8,9,9,50,33
9,0,0,0,33
9,1,3,20,33
9,2,10,60,33
9,3,9,50,33
9,4,9,50,33
9,5,10,60,33
9,6,3,20,33
9,7,7,40,33
9,8,9,50,33
9,9,0,0,33
0,0,0,0,34
0,1,4,20,34
0,2,10,60,34
0,3,9,50,34
0,4,9,50,34
0,5,10,60,34
0,6,4,20,34
0,7,7,40,34
0,8,9,50,34
0,9,0,0,34
1,0,4,20,34
1,1,0,0,34
1,2,7,40,34
1,3,6,30,34
1,4,9,50,34
1,5,9,50,34
1,6,4,20,34
1,7,4,20,34
1,8,6,30,34
1,9,4,20,34
2,0,10,60,34
2,1,7,40,34
2,2,0,0,34
2,3,6,30,34
2,4,9,50,34
2,5,4,20,34
2,6,9,50,34
2,7,6,30,34
2,8,4,20,34
2,9,10,60,34
3,0,9,50,34
3,1,6,30,34
3,2,6,30,34
3,3,0,0,34
3,4,12,80,34
3,5,9,50,34
3,6,9,50,34
3,7,9,50,34
3,8,9,50,34
3,9,9,50,34
4,0,9,50,34
4,1,9,50,34
4,2,9,50,34
4,3,12,80,34
4,4,0,0,34
4,5,6,30,34
4,6,6,30,34
4,7,9,50,34
4,8,9,50,34
4,9,9,50,34
5,0,9,50,34
5,1,9,50,34
5,2,4,20,34
5,3,9,50,34
5,4,6,30,34
5,5,0,0,34
5,6,7,40,34
5,7,6,30,34
5,8,4,20,34
5,9,10,60,34
6,0,4,20,34
6,1,4,20,34
6,2,9,50,34
6,3,9,50,34
6,4,6,30,34
6,5,7,40,34
6,6,0,0,34
6,7,4,20,34
6,8,6,30,34
6,9,4,20,34
7,0,7,40,34
7,1,4,20,34
7,2,6,30,34
7,3,9,50,34
7,4,9,50,34
7,5,6,30,34
7,6,4,20,34
7,7,0,0,34
7,8,2,10,34
7,9,7,40,34
8,0,9,50,34
8,1,6,30,34
8,2,4,20,34
8,3,9,50,34
8,4,9,50,34
8,5,4,20,34
8,6,6,30,34
8,7,2,10,34
8,8,0,0,34
8,9,9,50,34
9,0,0,0,34
9,1,4,20,34
9,2,10,60,34
9,3,9,50,34
9,4,9,50,34
9,5,10,60,34
9,6,4,20,34
9,7,7,40,34
9,8,9,50,34
9,9,0,0,34
0,0,0,0,35
0,1,4,20,35
0,2,10,60,35
0,3,9,50,35
0,4,9,50,35
0,5,10,60,35
0,6,4,20,35
0,7,7,40,35
0,8,9,50,35
0,9,0,0,35
1,0,4,20,35
1,1,0,0,35
1,2,7,40,35
1,3,6,30,35
1,4,9,50,35
1,5,9,50,35
1,6,4,20,35
1,7,4,20,35
1,8,6,30,35
1,9,4,20,35
2,0,10,60,35
2,1,7,40,35
2,2,0,0,35
2,3,6,30,35
2,4,9,50,35
2,5,4,20,35
2,6,9,50,35
2,7,6,30,35
2,8,4,20,35
2,9,10,60,35
3,0,9,50,35
3,1,6,30,35
3,2,6,30,35
3,3,0,0,35
3,4,12,80,35
3,5,9,50,35
3,6,9,50,35
3,7,9,50,35
3,8,9,50,35
3,9,9,50,35
4,0,9,50,35
4,1,9,50,35
4,2,9,50,35
4,3,12,80,35
4,4,0,0,35
4,5,6,30,35
4,6,6,30,35
4,7,9,50,35
4,8,9,50,35
4,9,9,50,35
5,0,9,50,35
5,1,9,50,35
5,2,4,20,35
5,3,9,50,35
5,4,6,30,35
5,5,0,0,35
5,6,7,40,35
5,7,6,30,35
5,8,4,20,35
5,9,10,60,35
6,0,4,20,35
6,1,4,20,35
6,2,9,50,35
6,3,9,50,35
6,4,6,30,35
6,5,7,40,35
6,6,0,0,35
6,7,4,20,35
6,8,6,30,35
6,9,4,20,35
7,0,7,40,35
7,1,4,20,35
7,2,6,30,35
7,3,9,50,35
7,4,9,50,35
7,5,6,30,35
7,6,4,20,35
7,7,0,0,35
7,8,2,10,35
7,9,7,40,35
8,0,9,50,35
8,1,6,30,35
8,2,4,20,35
8,3,9,50,35
8,4,9,50,35
8,5,4,20,35
8,6,6,30,35
8,7,2,10,35
8,8,0,0,35
8,9,9,50,35
9,0,0,0,35
9,1,4,20,35
9,2,10,60,35
9,3,9,50,35
9,4,9,50,35
9,5,10,60,35
9,6,4,20,35
9,7,7,40,35
9,8,9,50,35
9,9,0,0,35
0,0,0,0,36
0,1,4,20,36
0,2,10,60,36
0,3,8,50,36
0,4,8,50,36
0,5,10,60,36
0,6,4,20,36
0,7,7,40,36
0,8,8,50,36
0,9,0,0,36
1,0,4,20,36
1,1,0,0,36
1,2,7,40,36
1,3,5,30,36
1,4,8,50,36
1,5,8,50,36
1,6,4,20,36
1,7,4,20,36
1,8,5,30,36
1,9,4,20,36
2,0,10,60,36
2,1,7,40,36
2,2,0,0,36
2,3,5,30,36
2,4,8,50,36
2,5,4,20,36
2,6,8,50,36
2,7,5,30,36
2,8,4,20,36
2,9,10,60,36
3,0,8,50,36
3,1,5,30,36
3,2,5,30,36
3,3,0,0,36
3,4,12,80,36
3,5,8,50,36
3,6,8,50,36
3,7,8,50,36
3,8,8,50,36
3,9,8,50,36
4,0,8,50,36
4,1,8,50,36
4,2,8,50,36
4,3,12,80,36
4,4,0,0,36
4,5,5,30,36
4,6,5,30,36
4,7,8,50,36
4,8,8,50,36
4,9,8,50,36
5,0,8,50,36
5,1,8,50,36
5,2,4,20,36
5,3,8,50,36
5,4,5,30,36
5,5,0,0,36
5,6,7,40,36
5,7,5,30,36
5,8,4,20,36
5,9,10,60,36
6,0,4,20,36
6,1,4,20,36
6,2,8,50,36
6,3,8,50,36
6,4,5,30,36
6,5,7,40,36
6,6,0,0,36
6,7,4,20,36
6,8,5,30,36
6,9,4,20,36
7,0,7,40,36
7,1,4,20,36
7,2,5,30,36
7,3,8,50,36
7,4,8,50,36
7,5,5,30,36
7,6,4,20,36
7,7,0,0,36
7,8,2,10,36
7,9,7,40,36
8,0,8,50,36
8,1,5,30,36
8,2,4,20,36
8,3,8,50,36
8,4,8,50,36
8,5,4,20,36
8,6,5,30,36
8,7,2,10,36
8,8,0,0,36
8,9,8,50,36
9,0,0,0,36
9,1,4,20,36
9,2,10,60,36
9,3,8,50,36
9,4,8,50,36
9,5,10,60,36
9,6,4,20,36
9,7,7,40,36
9,8,8,50,36
9,9,0,0,36
0,0,0,0,37
0,1,4,20,37
0,2,9,60,37
0,3,8,50,37
0,4,8,50,37
0,5,9,60,37
0,6,4,20,37
0,7,7,40,37
0,8,8,50,37
0,9,0,0,37
1,0,4,20,37
1,1,0,0,37
1,2,7,40,37
1,3,5,30,37
1,4,8,50,37
1,5,8,50,37
1,6,4,20,37
1,7,4,20,37
1,8,5,30,37
1,9,4,20,37
2,0,9,60,37
2,1,7,40,37
2,2,0,0,37
2,3,5,30,37
2,4,8,50,37
2,5,4,20,37
2,6,8,50,37
2,7,5,30,37
2,8,4,20,37
2,9,9,60,37
3,0,8,50,37
3,1,5,30,37
3,2,5,30,37
3,3,0,0,37
3,4,11,80,37
3,5,8,50,37
3,6,8,50,37
3,7,8,50,37
3,8,8,50,37
3,9,8,50,37
4,0,8,50,37
4,1,8,50,37
4,2,8,50,37
4,3,11,80,37
4,4,0,0,37
4,5,5,30,37
4,6,5,30,37
4,7,8,50,37
4,8,8,50,37
4,9,8,50,37
5,0,8,50,37
5,1,8,50,37
5,2,4,20,37
5,3,8,50,37
5,4,5,30,37
5,5,0,0,37
5,6,7,40,37
5,7,5,30,37
5,8,4,20,37
5,9,9,60,37
6,0,4,20,37
6,1,4,20,37
6,2,8,50,37
6,3,8,50,37
6,4,5,30,37
6,5,7,40,37
6,6,0,0,37
6,7,4,20,37
6,8,5,30,37
6,9,4,20,37
7,0,7,40,37
7,1,4,20,37
7,2,5,30,37
7,3,8,50,37
7,4,8,50,37
7,5,5,30,37
7,6,4,20,37
7,7,0,0,37
7,8,2,10,37
7,9,7,40,37
8,0,8,50,37
8,1,5,30,37
8,2,4,20,37
8,3,8,50,37
8,4,8,50,37
8,5,4,20,37
8,6,5,30,37
8,7,2,10,37
8,8,0,0,37
8,9,8,50,37
9,0,0,0,37
9,1,4,20,37
9,2,9,60,37
9,3,8,50,37
9,4,8,50,37
9,5,9,60,37
9,6,4,20,37
9,7,7,40,37
9,8,8,50,37
9,9,0,0,37
0,0,0,0,38
0,1,3,20,38
0,2,9,60,38
0,3,8,50,38
0,4,8,50,38
0,5,9,60,38
0,6,3,20,38
0,7,6,40,38
0,8,8,50,38
0,9,0,0,38
1,0,3,20,38
1,1,0,0,38
1,2,6,40,38
1,3,5,30,38
1,4,8,50,38
1,5,8,50,38
1,6,3,20,38
1,7,3,20,38
1,8,5,30,38
1,9,3,20,38
2,0,9,60,38
2,1,6,40,38
2,2,0,0,38
2,3,5,30,38
2,4,8,50,38
2,5,3,20,38
2,6,8,50,38
2,7,5,30,38
2,8,3,20,38
2,9,9,60,38
3,0,8,50,38
3,1,5,30,38
3,2,5,30,38
3,3,0,0,38
3,4,11,80,38
3,5,8,50,38
3,6,8,50,38
3,7,8,50,38
3,8,8,50,38
3,9,8,50,38
4,0,8,50,38
4,1,8,50,38
4,2,8,50,38
4,3,11,80,38
4,4,0,0,38
4,5,5,30,38
4,6,5,30,38
4,7,8,50,38
4,8,8,50,38
4,9,8,50,38
5,0,8,50,38
5,1,8,50,38
5,2,3,20,38
5,3,8,50,38
5,4,5,30,38
5,5,0,0,38
5,6,6,40,38
5,7,5,30,38
5,8,3,20,38
5,9,9,60,38
6,0,3,20,38
6,1,3,20,38
6,2,8,50,38
6,3,8,50,38
6,4,5,30,38
6,5,6,40,38
6,6,0,0,38
6,7,3,20,38
6,8,5,30,38
6,9,3,20,38
7,0,6,40,38
7,1,3,20,38
7,2,5,30,38
7,3,8,50,38
7,4,8,50,38
7,5,5,30,38
7,6,3,20,38
7,7,0,0,38
7,8,2,10,38
7,9,6,40,38
8,0,8,50,38
8,1,5,30,38
8,2,3,20,38
8,3,8,50,38
8,4,8,50,38
8,5,3,20,38
8,6,5,30,38
8,7,2,10,38
8,8,0,0,38
8,9,8,50,38
9,0,0,0,38
9,1,3,20,38
9,2,9,60,38
9,3,8,50,38
9,4,8,50,38
9,5,9,60,38
9,6,3,20,38
9,7,6,40,38
9,8,8,50,38
9,9,0,0,38
0,0,0,0,39
0,1,3,20,39
0,2,8,60,39
0,3,7,50,39
0,4,7,50,39
0,5,8,60,39
0,6,3,20,39
0,7,6,40,39
0,8,7,50,39
0,9,0,0,39
1,0,3,20,39
1,1,0,0,39
1,2,6,40,39
1,3,5,30,39
1,4,7,50,39
1,5,7,50,39
1,6,3,20,39
1,7,3,20,39
1,8,5,30,39
1,9,3,20,39
2,0,8,60,39
2,1,6,40,39
2,2,0,0,39
2,3,5,30,39
2,4,7,50,39
2,5,3,20,39
2,6,7,50,39
2,7,5,30,39
2,8,3,20,39
2,9,8,60,39
3,0,7,50,39
3,1,5,30,39
3,2,5,30,39
3,3,0,0,39
3,4,10,80,39
3,5,7,50,39
3,6,7,50,39
3,7,7,50,39
3,8,7,50,39
3,9,7,50,39
4,0,7,50,39
4,1,7,50,39
4,2,7,50,39
4,3,10,80,39
4,4,0,0,39
4,5,5,30,39
4,6,5,30,39
4,7,7,50,39
4,8,7,50,39
4,9,7,50,39
5,0,7,50,39
5,1,7,50,39
5,2,3,20,39
5,3,7,50,39
5,4,5,30,39
5,5,0,0,39
5,6,6,40,39
5,7,5,30,39
5,8,3,20,39
5,9,8,60,39
6,0,3,20,39
6,1,3,20,39
6,2,7,50,39
6,3,7,50,39
6,4,5,30,39
6,5,6,40,39
6,6,0,0,39
6,7,3,20,39
6,8,5,30,39
6,9,3,20,39
7,0,6,40,39
7,1,3,20,39
7,2,5,30,39
7,3,7,50,39
7,4,7,50,39
7,5,5,30,39
7,6,3,20,39
7,7,0,0,39
7,8,2,10,39
7,9,6,40,39
8,0,7,50,39
8,1,5,30,39
8,2,3,20,39
8,3,7,50,39
8,4,7,50,39
8,5,3,20,39
8,6,5,30,39
8,7,2,10,39
8,8,0,0,39
8,9,7,50,39
9,0,0,0,39
9,1,3,20,39
9,2,8,60,39
9,3,7,50,39
9,4,7,50,39
9,5,8,60,39
9,6,3,20,39
9,7,6,40,39
9,8,7,50,39
9,9,0,0,39
0,0,0,0,40
0,1,3,20,40
0,2,8,60,40
0,3,7,50,40
0,4,7,50,40
0,5,8,60,40
0,6,3,20,40
0,7,6,40,40
0,8,7,50,40
0,9,0,0,40
1,0,3,20,40
1,1,0,0,40
1,2,6,40,40
1,3,4,30,40
1,4,7,50,40
1,5,7,50,40
1,6,3,20,40
1,7,3,20,40
1,8,4,30,40
1,9,3,20,40
2,0,8,60,40
2,1,6,40,40
2,2,0,0,40
2,3,4,30,40
2,4,7,50,40
2,5,3,20,40
2,6,7,50,40
2,7,4,30,40
2,8,3,20,40
2,9,8,60,40
3,0,7,50,40
3,1,4,30,40
3,2,4,30,40
3,3,0,0,40
3,4,10,80,40
3,5,7,50,40
3,6,7,50,40
3,7,7,50,40
3,8,7,50,40
3,9,7,50,40
4,0,7,50,40
4,1,7,50,40
4,2,7,50,40
4,3,10,80,40
4,4,0,0,40
4,5,4,30,40
4,6,4,30,40
4,7,7,50,40
4,8,7,50,40
4,9,7,50,40
5,0,7,50,40
5,1,7,50,40
5,2,3,20,40
5,3,7,50,40
5,4,4,30,40
5,5,0,0,40
5,6,6,40,40
5,7,4,30,40
5,8,3,20,40
5,9,8,60,40
6,0,3,20,40
6,1,3,20,40
6,2,7,50,40
6,3,7,50,40
6,4,4,30,40
6,5,6,40,40
6,6,0,0,40
6,7,3,20,40
6,8,4,30,40
6,9,3,20,40
7,0,6,40,40
7,1,3,20,40
7,2,4,30,40
7,3,7,50,40
7,4,7,50,40
7,5,4,30,40
7,6,3,20,40
7,7,0,0,40
7,8,1,10,40
7,9,6,40,40
8,0,7,50,40
8,1,4,30,40
8,2,3,20,40
8,3,7,50,40
8,4,7,50,40
8,5,3,20,40
8,6,4,30,40
8,7,1,10,40
8,8,0,0,40
8,9,7,50,40
9,0,0,0,40
9,1,3,20,40
9,2,8,60,40
9,3,7,50,40
9,4,7,50,40
9,5,8,60,40
9,6,3,20,40
9,7,6,40,40
9,8,7,50,40
9,9,0,0,40
0,0,0,0,41
0,1,3,20,41
0,2,7,60,41
0,3,6,50,41
0,4,6,50,41
0,5,7,60,41
0,6,3,20,41
0,7,5,40,41
0,8,6,50,41
0,9,0,0,41
1,0,3,20,41
1,1,0,0,41
1,2,5,40,41
1,3,4,30,41
1,4,6,50,41
1,5,6,50,41
1,6,3,20,41
1,7,3,20,41
1,8,4,30,41
1,9,3,20,41
2,0,7,60,41
2,1,5,40,41
2,2,0,0,41
2,3,4,30,41
2,4,6,50,41
2,5,3,20,41
2,6,6,50,41
2,7,4,30,41
2,8,3,20,41
2,9,7,60,41
3,0,6,50,41
3,1,4,30,41
3,2,4,30,41
3,3,0,0,41
3,4,9,80,41
3,5,6,50,41
3,6,6,50,41
3,7,6,50,41
3,8,6,50,41
3,9,6,50,41
4,0,6,50,41
4,1,6,50,41
4,2,6,50,41
4,3,9,80,41
4,4,0,0,41
4,5,4,30,41
4,6,4,30,41
4,7,6,50,41
4,8,6,50,41
4,9,6,50,41
5,0,6,50,41
5,1,6,50,41
5,2,3,20,41
5,3,6,50,41
5,4,4,30,41
5,5,0,0,41
5,6,5,40,41
5,7,4,30,41
5,8,3,20,41
5,9,7,60,41
6,0,3,20,41
6,1,3,20,41
6,2,6,50,41
6,3,6,50,41
6,4,4,30,41
6,5,5,40,41
6,6,0,0,41
6,7,3,20,41
6,8,4,30,41
6,9,3,20,41
7,0,5,40,41
7,1,3,20,41
7,2,4,30,41
7,3,6,50,41
7,4,6,50,41
7,5,4,30,41
7,6,3,20,41
7,7,0,0,41
7,8,1,10,41
7,9,5,40,41
8,0,6,50,41
8,1,4,30,41
8,2,3,20,41
8,3,6,50,41
8,4,6,50,41
8,5,3,20,41
8,6,4,30,41
8,7,1,10,41
8,8,0,0,41
8,9,6,50,41
9,0,0,0,41
9,1,3,20,41
9,2,7,60,41
9,3,6,50,41
9,4,6,50,41
9,5,7,60,41
9,6,3,20,41
9,7,5,40,41
9,8,6,50,41
9,9,0,0,41
0,0,0,0,42
0,1,3,20,42
0,2,7,60,42
0,3,6,50,42
0,4,6,50,42
0,5,7,60,42
0,6,3,20,42
0,7,5,40,42
0,8,6,50,42
0,9,0,0,42
1,0,3,20,42
1,1,0,0,42
1,2,5,40,42
1,3,4,30,42
1,4,6,50,42
1,5,6,50,42
1,6,3,20,42
1,7,3,20,42
1,8,4,30,42
1,9,3,20,42
2,0,7,60,42
2,1,5,40,42
2,2,0,0,42
2,3,4,30,42
2,4,6,50,42
2,5,3,20,42
2,6,6,50,42
2,7,4,30,42
2,8,3,20,42
2,9,7,60,42
3,0,6,50,42
3,1,4,30,42
3,2,4,30,42
3,3,0,0,42
3,4,9,80,42
3,5,6,50,42
3,6,6,50,42
3,7,6,50,42
3,8,6,50,42
3,9,6,50,42
4,0,6,50,42
4,1,6,50,42
4,2,6,50,42
4,3,9,80,42
4,4,0,0,42
4,5,4,30,42
4,6,4,30,42
4,7,6,50,42
4,8,6,50,42
4,9,6,50,42
5,0,6,50,42
5,1,6,50,42
5,2,3,20,42
5,3,6,50,42
5,4,4,30,42
5,5,0,0,42
5,6,5,40,42
5,7,4,30,42
5,8,3,20,42
5,9,7,60,42
6,0,3,20,42
6,1,3,20,42
6,2,6,50,42
6,3,6,50,42
6,4,4,30,42
6,5,5,40,42
6,6,0,0,42
6,7,3,20,42
6,8,4,30,42
6,9,3,20,42
7,0,5,40,42
7,1,3,20,42
7,2,4,30,42
7,3,6,50,42
7,4,6,50,42
7,5,4,30,42
7,6,3,20,42
7,7,0,0,42
7,8,1,10,42
7,9,5,40,42
8,0,6,50,42
8,1,4,30,42
8,2,3,20,42
8,3,6,50,42
8,4,6,50,42
8,5,3,20,42
8,6,4,30,42
8,7,1,10,42
8,8,0,0,42
8,9,6,50,42
9,0,0,0,42
9,1,3,20,42
9,2,7,60,42
9,3,6,50,42
9,4,6,50,42
9,5,7,60,42
9,6,3,20,42
9,7,5,40,42
9,8,6,50,42
9,9,0,0,42
0,0,0,0,43
0,1,3,20,43
0,2,7,60,43
0,3,6,50,43
0,4,6,50,43
0,5,7,60,43
0,6,3,20,43
0,7,5,40,43
0,8,6,50,43
0,9,0,0,43
1,0,3,20,43
1,1,0,0,43
1,2,5,40,43
1,3,4,30,43
1,4,6,50,43
1,5,6,50,43
1,6,3,20,43
1,7,3,20,43
1,8,4,30,43
1,9,3,20,43
2,0,7,60,43
2,1,5,40,43
2,2,0,0,43
2,3,4,30,43
2,4,6,50,43
2,5,3,20,43
2,6,6,50,43
2,7,4,30,43
2,8,3,20,43
2,9,7,60,43
3,0,6,50,43
3,1,4,30,43
3,2,4,30,43
3,3,0,0,43
3,4,9,80,43
3,5,6,50,43
3,6,6,50,43
3,7,6,50,43
3,8,6,50,43
3,9,6,50,43
4,0,6,50,43
4,1,6,50,43
4,2,6,50,43
4,3,9,80,43
4,4,0,0,43
4,5,4,30,43
4,6,4,30,43
4,7,6,50,43
4,8,6,50,43
4,9,6,50,43
5,0,6,50,43
5,1,6,50,43
5,2,3,20,43
5,3,6,50,43
5,4,4,30,43
5,5,0,0,43
5,6,5,40,43
5,7,4,30,43
5,8,3,20,43
5,9,7,60,43
6,0,3,20,43
6,1,3,20,43
6,2,6,50,43
6,3,6,50,43
6,4,4,30,43
6,5,5,40,43
6,6,0,0,43
6,7,3,20,43
6,8,4,30,43
6,9,3,20,43
7,0,5,40,43
7,1,3,20,43
7,2,4,30,43
7,3,6,50,43
7,4,6,50,43
7,5,4,30,43
7,6,3,20,43
7,7,0,0,43
7,8,1,10,43
7,9,5,40,43
8,0,6,50,43
8,1,4,30,43
8,2,3,20,43
8,3,6,50,43
8,4,6,50,43
8,5,3,20,43
8,6,4,30,43
8,7,1,10,43
8,8,0,0,43
8,9,6,50,43
9,0,0,0,43
9,1,3,20,43
9,2,7,60,43
9,3,6,50,43
9,4,6,50,43
9,5,7,60,43
9,6,3,20,43
9,7,5,40,43
9,8,6,50,43
9,9,0,0,43
0,0,0,0,44
0,1,2,20,44
0,2,6,60,44
0,3,5,50,44
0,4,5,50,44
0,5,6,60,44
0,6,2,20,44
0,7,4,40,44
0,8,5,50,44
0,9,0,0,44
1,0,2,20,44
1,1,0,0,44
1,2,4,40,44
1,3,3,30,44
1,4,5,50,44
1,5,5,50,44
1,6,2,20,44
1,7,2,20,44
1,8,3,30,44
1,9,2,20,44
2,0,6,60,44
2,1,4,40,44
2,2,0,0,44
2,3,3,30,44
2,4,5,50,44
2,5,2,20,44
2,6,5,50,44
2,7,3,30,44
2,8,2,20,44
2,9,6,60,44
3,0,5,50,44
3,1,3,30,44
3,2,3,30,44
3,3,0,0,44
3,4,8,80,44
3,5,5,50,44
3,6,5,50,44
3,7,5,50,44
3,8,5,50,44
3,9,5,50,44
4,0,5,50,44
4,1,5,50,44
4,2,5,50,44
4,3,8,80,44
4,4,0,0,44
4,5,3,30,44
4,6,3,30,44
4,7,5,50,44
4,8,5,50,44
4,9,5,50,44
5,0,5,50,44
5,1,5,50,44
5,2,2,20,44
5,3,5,50,44
5,4,3,30,44
5,5,0,0,44
5,6,4,40,44
5,7,3,30,44
5,8,2,20,44
5,9,6,60,44
6,0,2,20,44
6,1,2,20,44
6,2,5,50,44
6,3,5,50,44
6,4,3,30,44
6,5,4,40,44
6,6,0,0,44
6,7,2,20,44
6,8,3,30,44
6,9,2,20,44
7,0,4,40,44
7,1,2,20,44
7,2,3,30,44
7,3,5,50,44
7,4,5,50,44
7,5,3,30,44
7,6,2,20,44
7,7,0,0,44
7,8,1,10,44
7,9,4,40,44
8,0,5,50,44
8,1,3,30,44
8,2,2,20,44
8,3,5,50,44
8,4,5,50,44
8,5,2,20,44
8,6,3,30,44
8,7,1,10,44
8,8,0,0,44
8,9,5,50,44
9,0,0,0,44
9,1,2,20,44
9,2,6,60,44
9,3,5,50,44
9,4,5,50,44
9,5,6,60,44
9,6,2,20,44
9,7,4,40,44
9,8,5,50,44
9,9,0,0,44
0,0,0,0,45
0,1,2,20,45
0,2,6,60,45
0,3,5,50,45
0,4,5,50,45
0,5,6,60,45
0,6,2,20,45
0,7,4,40,45
0,8,5,50,45
0,9,0,0,45
1,0,2,20,45
1,1,0,0,45
1,2,4,40,45
1,3,3,30,45
1,4,5,50,45
1,5,5,50,45
1,6,2,20,45
1,7,2,20,45
1,8,3,30,45
1,9,2,20,45
2,0,6,60,45
2,1,4,40,45
2,2,0,0,45
2,3,3,30,45
2,4,5,50,45
2,5,2,20,45
2,6,5,50,45
2,7,3,30,45
2,8,2,20,45
2,9,6,60,45
3,0,5,50,45
3,1,3,30,45
3,2,3,30,45
3,3,0,0,45
3,4,8,80,45
3,5,5,50,45
3,6,5,50,45
3,7,5,50,45
3,8,5,50,45
3,9,5,50,45
4,0,5,50,45
4,1,5,50,45
4,2,5,50,45
4,3,8,80,45
4,4,0,0,45
4,5,3,30,45
4,6,3,30,45
4,7,5,50,45
4,8,5,50,45
4,9,5,50,45
5,0,5,50,45
5,1,5,50,45
5,2,2,20,45
5,3,5,50,45
5,4,3,30,45
5,5,0,0,45
5,6,4,40,45
5,7,3,30,45
5,8,2,20,45
5,9,6,60,45
6,0,2,20,45
6,1,2,20,45
6,2,5,50,45
6,3,5,50,45
6,4,3,30,45
6,5,4,40,45
6,6,0,0,45
6,7,2,20,45
6,8,3,30,45
6,9,2,20,45
7,0,4,40,45
7,1,2,20,45
7,2,3,30,45
7,3,5,50,45
7,4,5,50,45
7,5,3,30,45
7,6,2,20,45
7,7,0,0,45
7,8,1,10,45
7,9,4,40,45
8,0,5,50,45
8,1,3,30,45
8,2,2,20,45
8,3,5,50,45
8,4,5,50,45
8,5,2,20,45
8,6,3,30,45
8,7,1,10,45
8,8,0,0,45
8,9,5,50,45
9,0,0,0,45
9,1,2,20,45
9,2,6,60,45
9,3,5,50,45
9,4,5,50,45
9,5,6,60,45
9,6,2,20,45
9,7,4,40,45
9,8,5,50,45
9,9,0,0,45
0,0,0,0,46
0,1,2,20,46
0,2,6,60,46
0,3,5,50,46
0,4,5,50,46
0,5,6,60,46
0,6,2,20,46
0,7,4,40,46
0,8,5,50,46
0,9,0,0,46
1,0,2,20,46
1,1,0,0,46
1,2,4,40,46
1,3,3,30,46
1,4,5,50,46
1,5,5,50,46
1,6,2,20,46
1,7,2,20,46
1,8,3,30,46
1,9,2,20,46
2,0,6,60,46
2,1,4,40,46
2,2,0,0,46
2,3,3,30,46
2,4,5,50,46
2,5,2,20,46
2,6,5,50,46
2,7,3,30,46
2,8,2,20,46
2,9,6,60,46
3,0,5,50,46
3,1,3,30,46
3,2,3,30,46
3,3,0,0,46
3,4,8,80,46
3,5,5,50,46
3,6,5,50,46
3,7,5,50,46
3,8,5,50,46
3,9,5,50,46
4,0,5,50,46
4,1,5,50,46
4,2,5,50,46
4,3,8,80,46
4,4,0,0,46
4,5,3,30,46
4,6,3,30,46
4,7,5,50,46
4,8,5,50,46
4,9,5,50,46
5,0,5,50,46
5,1,5,50,46
5,2,2,20,46
5,3,5,50,46
5,4,3,30,46
5,5,0,0,46
5,6,4,40,46
5,7,3,30,46
5,8,2,20,46
5,9,6,60,46
6,0,2,20,46
6,1,2,20,46
6,2,5,50,46
6,3,5,50,46
6,4,3,30,46
6,5,4,40,46
6,6,0,0,46
6,7,2,20,46
6,8,3,30,46
6,9,2,20,46
7,0,4,40,46
7,1,2,20,46
7,2,3,30,46
7,3,5,50,46
7,4,5,50,46
7,5,3,30,46
7,6,2,20,46
7,7,0,0,46
7,8,1,10,46
7,9,4,40,46
8,0,5,50,46
8,1,3,30,46
8,2,2,20,46
8,3,5,50,46
8,4,5,50,46
8,5,2,20,46
8,6,3,30,46
8,7,1,10,46
8,8,0,0,46
8,9,5,50,46
9,0,0,0,46
9,1,2,20,46
9,2,6,60,46
9,3,5,50,46
9,4,5,50,46
9,5,6,60,46
9,6,2,20,46
9,7,4,40,46
9,8,5,50,46
9,9,0,0,46
0,0,0,0,47
0,1,2,20,47
0,2,6,60,47
0,3,5,50,47
0,4,5,50,47
0,5,6,60,47
0,6,2,20,47
0,7,4,40,47
0,8,5,50,47
0,9,0,0,47
1,0,2,20,47
1,1,0,0,47
1,2,4,40,47
1,3,3,30,47
1,4,5,50,47
1,5,5,50,47
1,6,2,20,47
1,7,2,20,47
1,8,3,30,47
1,9,2,20,47
2,0,6,60,47
2,1,4,40,47
2,2,0,0,47
2,3,3,30,47
2,4,5,50,47
2,5,2,20,47
2,6,5,50,47
2,7,3,30,47
2,8,2,20,47
2,9,6,60,47
3,0,5,50,47
3,1,3,30,47
3,2,3,30,47
3,3,0,0,47
3,4,8,80,47
3,5,5,50,47
3,6,5,50,47
3,7,5,50,47
3,8,5,50,47
3,9,5,50,47
4,0,5,50,47
4,1,5,50,47
4,2,5,50,47
4,3,8,80,47
4,4,0,0,47
4,5,3,30,47
4,6,3,30,47
4,7,5,50,47
4,8,5,50,47
4,9,5,50,47
5,0,5,50,47
5,1,5,50,47
5,2,2,20,47
5,3,5,50,47
5,4,3,30,47
5,5,0,0,47
5,6,4,40,47
5,7,3,30,47
5,8,2,20,47
5,9,6,60,47
6,0,2,20,47
6,1,2,20,47
6,2,5,50,47
6,3,5,50,47
6,4,3,30,47
6,5,4,40,47
6,6,0,0,47
6,7,2,20,47
6,8,3,30,47
6,9,2,20,47
7,0,4,40,47
7,1,2,20,47
7,2,3,30,47
7,3,5,50,47
7,4,5,50,47
7,5,3,30,47
7,6,2,20,47
7,7,0,0,47
7,8,1,10,47
7,9,4,40,47
8,0,5,50,47
8,1,3,30,47
8,2,2,20,47
8,3,5,50,47
8,4,5,50,47
8,5,2,20,47
8,6,3,30,47
8,7,1,10,47
8,8,0,0,47
8,9,5,50,47
9,0,0,0,47
9,1,2,20,47
9,2,6,60,47
9,3,5,50,47
9,4,5,50,47
9,5,6,60,47
9,6,2,20,47
9,7,4,40,47
9,8,5,50,47
9,9,0,0,47
0,0,0,0,48
0,1,2,20,48
0,2,6,60,48
0,3,5,50,48
0,4,5,50,48
0,5,6,60,48
0,6,2,20,48
0,7,4,40,48
0,8,5,50,48
0,9,0,0,48
1,0,2,20,48
1,1,0,0,48
1,2,4,40,48
1,3,3,30,48
1,4,5,50,48
1,5,5,50,48
1,6,2,20,48
1,7,2,20,48
1,8,3,30,48
1,9,2,20,48
2,0,6,60,48
2,1,4,40,48
2,2,0,0,48
2,3,3,30,48
2,4,5,50,48
2,5,2,20,48
2,6,5,50,48
2,7,3,30,48
2,8,2,20,48
2,9,6,60,48
3,0,5,50,48
3,1,3,30,48
3,2,3,30,48
3,3,0,0,48
3,4,8,80,48
3,5,5,50,48
3,6,5,50,48
3,7,5,50,48
3,8,5,50,48
3,9,5,50,48
4,0,5,50,48
4,1,5,50,48
4,2,5,50,48
4,3,8,80,48
4,4,0,0,48
4,5,3,30,48
4,6,3,30,48
4,7,5,50,48
4,8,5,50,48
4,9,5,50,48
5,0,5,50,48
5,1,5,50,48
5,2,2,20,48
5,3,5,50,48
5,4,3,30,48
5,5,0,0,48
5,6,4,40,48
5,7,3,30,48
5,8,2,20,48
5,9,6,60,48
6,0,2,20,48
6,1,2,20,48
6,2,5,50,48
6,3,5,50,48
6,4,3,30,48
6,5,4,40,48
6,6,0,0,48
6,7,2,20,48
6,8,3,30,48
6,9,2,20,48
7,0,4,40,48
7,1,2,20,48
7,2,3,30,48
7,3,5,50,48
7,4,5,50,48
7,5,3,30,48
7,6,2,20,48
7,7,0,0,48
7,8,1,10,48
7,9,4,40,48
8,0,5,50,48
8,1,3,30,48
8,2,2,20,48
8,3,5,50,48
8,4,5,50,48
8,5,2,20,48
8,6,3,30,48
8,7,1,10,48
8,8,0,0,48
8,9,5,50,48
9,0,0,0,48
9,1,2,20,48
9,2,6,60,48
9,3,5,50,48
9,4,5,50,48
9,5,6,60,48
9,6,2,20,48
9,7,4,40,48
9,8,5,50,48
9,9,0,0,48
0,0,0,0,49
0,1,2,20,49
0,2,6,60,49
0,3,5,50,49
0,4,5,50,49
0,5,6,60,49
0,6,2,20,49
0,7,4,40,49
0,8,5,50,49
0,9,0,0,49
1,0,2,20,49
1,1,0,0,49
1,2,4,40,49
1,3,3,30,49
1,4,5,50,49
1,5,5,50,49
1,6,2,20,49
1,7,2,20,49
1,8,3,30,49
1,9,2,20,49
2,0,6,60,49
2,1,4,40,49
2,2,0,0,49
2,3,3,30,49
2,4,5,50,49
2,5,2,20,49
2,6,5,50,49
2,7,3,30,49
2,8,2,20,49
2,9,6,60,49
3,0,5,50,49
3,1,3,30,49
3,2,3,30,49
3,3,0,0,49
3,4,8,80,49
3,5,5,50,49
3,6,5,50,49
3,7,5,50,49
3,8,5,50,49
3,9,5,50,49
4,0,5,50,49
4,1,5,50,49
4,2,5,50,49
4,3,8,80,49
4,4,0,0,49
4,5,3,30,49
4,6,3,30,49
4,7,5,50,49
4,8,5,50,49
4,9,5,50,49
5,0,5,50,49
5,1,5,50,49
5,2,2,20,49
5,3,5,50,49
5,4,3,30,49
5,5,0,0,49
5,6,4,40,49
5,7,3,30,49
5,8,2,20,49
5,9,6,60,49
6,0,2,20,49
6,1,2,20,49
6,2,5,50,49
6,3,5,50,49
6,4,3,30,49
6,5,4,40,49
6,6,0,0,49
6,7,2,20,49
6,8,3,30,49
6,9,2,20,49
7,0,4,40,49
7,1,2,20,49
7,2,3,30,49
7,3,5,50,49
7,4,5,50,49
7,5,3,30,49
7,6,2,20,49
7,7,0,0,49
7,8,1,10,49
7,9,4,40,49
8,0,5,50,49
8,1,3,30,49
8,2,2,20,49
8,3,5,50,49
8,4,5,50,49
8,5,2,20,49
8,6,3,30,49
8,7,1,10,49
8,8,0,0,49
8,9,5,50,49
9,0,0,0,49
9,1,2,20,49
9,2,6,60,49
9,3,5,50,49
9,4,5,50,49
9,5,6,60,49
9,6,2,20,49
9,7,4,40,49
9,8,5,50,49
9,9,0,0,49
0,0,0,0,50
0,1,2,20,50
0,2,6,60,50
0,3,5,50,50
0,4,5,50,50
0,5,6,60,50
0,6,2,20,50
0,7,4,40,50
0,8,5,50,50
0,9,0,0,50
1,0,2,20,50
1,1,0,0,50
1,2,4,40,50
1,3,3,30,50
1,4,5,50,50
1,5,5,50,50
1,6,2,20,50
1,7,2,20,50
1,8,3,30,50
1,9,2,20,50
2,0,6,60,50
2,1,4,40,50
2,2,0,0,50
2,3,3,30,50
2,4,5,50,50
2,5,2,20,50
2,6,5,50,50
2,7,3,30,50
2,8,2,20,50
2,9,6,60,50
3,0,5,50,50
3,1,3,30,50
3,2,3,30,50
3,3,0,0,50
3,4,8,80,50
3,5,5,50,50
3,6,5,50,50
3,7,5,50,50
3,8,5,50,50
3,9,5,50,50
4,0,5,50,50
4,1,5,50,50
4,2,5,50,50
4,3,8,80,50
4,4,0,0,50
4,5,3,30,50
4,6,3,30,50
4,7,5,50,50
4,8,5,50,50
4,9,5,50,50
5,0,5,50,50
5,1,5,50,50
5,2,2,20,50
5,3,5,50,50
5,4,3,30,50
5,5,0,0,50
5,6,4,40,50
5,7,3,30,50
5,8,2,20,50
5,9,6,60,50
6,0,2,20,50
6,1,2,20,50
6,2,5,50,50
6,3,5,50,50
6,4,3,30,50
6,5,4,40,50
6,6,0,0,50
6,7,2,20,50
6,8,3,30,50
6,9,2,20,50
7,0,4,40,50
7,1,2,20,50
7,2,3,30,50
7,3,5,50,50
7,4,5,50,50
7,5,3,30,50
7,6,2,20,50
7,7,0,0,50
7,8,1,10,50
7,9,4,40,50
8,0,5,50,50
8,1,3,30,50
8,2,2,20,50
8,3,5,50,50
8,4,5,50,50
8,5,2,20,50
8,6,3,30,50
8,7,1,10,50
8,8,0,0,50
8,9,5,50,50
9,0,0,0,50
9,1,2,20,50
9,2,6,60,50
9,3,5,50,50
9,4,5,50,50
9,5,6,60,50
9,6,2,20,50
9,7,4,40,50
9,8,5,50,50
9,9,0,0,50
