space,time,timeWindow
0,0,1
0,1,1
0,2,1
0,3,1
0,4,1
0,5,1
0,6,1
0,7,1
0,8,1
0,9,1
0,10,1
0,11,1
0,12,1
0,13,1
0,14,1
0,15,1
0,16,1
0,17,1
0,18,1
0,19,1
0,20,1
0,21,1
0,22,1
0,23,1
0,24,1
0,25,1
0,26,1
0,27,1
0,28,1
0,29,1
0,30,1
0,31,1
0,32,1
0,33,1
0,34,1
0,35,1
0,36,1
0,37,1
0,38,1
0,39,1
0,40,1
0,41,1
0,42,1
0,43,1
0,44,1
0,45,1
0,46,1
0,47,1
0,48,1
0,49,1
0,50,1
1,0,1
1,1,1
1,2,1
1,3,1
1,4,1
1,5,1
1,6,1
1,7,1
1,8,1
1,9,1
1,10,1
1,11,1
1,12,1
1,13,1
1,14,1
1,15,1
1,16,1
1,17,1
1,18,1
1,19,1
1,20,1
1,21,1
1,22,1
1,23,1
1,24,1
1,25,1
1,26,1
1,27,1
1,28,1
1,29,1
1,30,1
1,31,1
1,32,1
1,33,1
1,34,1
1,35,1
1,36,1
1,37,1
1,38,1
1,39,1
1,40,1
1,41,1
1,42,1
1,43,1
1,44,1
1,45,1
1,46,1
1,47,1
1,48,1
1,49,1
1,50,1
2,0,1
2,1,1
2,2,1
2,3,1
2,4,1
2,5,1
2,6,1
2,7,1
2,8,1
2,9,1
2,10,1
2,11,1
2,12,1
2,13,1
2,14,1
2,15,1
2,16,1
2,17,1
2,18,1
2,19,1
2,20,1
2,21,1
2,22,1
2,23,1
2,24,1
2,25,1
2,26,1
2,27,1
2,28,1
2,29,1
2,30,1
2,31,1
2,32,1
2,33,1
2,34,1
2,35,1
2,36,1
2,37,1
2,38,1
2,39,1
2,40,1
2,41,1
2,42,1
2,43,1
2,44,1
2,45,1
2,46,1
2,47,1
2,48,1
2,49,1
2,50,1
3,0,0
3,1,0
3,2,0
3,3,1
3,4,1
3,5,0
3,6,0
3,7,0
3,8,0
3,9,0
3,10,0
3,11,0
3,12,0
3,13,0
3,14,0
3,15,0
3,16,0
3,17,0
3,18,0
3,19,0
3,20,0
3,21,0
3,22,0
3,23,0
3,24,0
3,25,0
3,26,0
3,27,0
3,28,0
3,29,0
3,30,0
3,31,0
3,32,0
3,33,0
3,34,0
3,35,0
3,36,0
3,37,0
3,38,0
3,39,0
3,40,0
3,41,0
3,42,0
3,43,0
3,44,0
3,45,0
3,46,0
3,47,0
3,48,0
3,49,0
3,50,0
4,0,0
4,1,0
4,2,0
4,3,0
4,4,0
4,5,0
4,6,0
4,7,0
4,8,0
4,9,0
4,10,0
4,11,0
4,12,0
4,13,1
4,14,1
4,15,0
4,16,0
4,17,0
4,18,0
4,19,0
4,20,0
4,21,0
4,22,0
4,23,0
4,24,0
4,25,0
4,26,0
4,27,0
4,28,0
4,29,0
4,30,0
4,31,0
4,32,0
4,33,0
4,34,0
4,35,0
4,36,0
4,37,0
4,38,0
4,39,0
4,40,0
4,41,0
4,42,0
4,43,0
4,44,0
4,45,0
4,46,0
4,47,0
4,48,0
4,49,0
4,50,0
5,0,1
5,1,1
5,2,1
5,3,1
5,4,1
5,5,1
5,6,1
5,7,1
5,8,1
5,9,1
5,10,1
5,11,1
5,12,1
5,13,1
5,14,1
5,15,1
5,16,1
5,17,1
5,18,1
5,19,1
5,20,1
5,21,1
5,22,1
5,23,1
5,24,1
5,25,1
5,26,1
5,27,1
5,28,1
5,29,1
5,30,1
5,31,1
5,32,1
5,33,1
5,34,1
5,35,1
5,36,1
5,37,1
5,38,1
5,39,1
5,40,1
5,41,1
5,42,1
5,43,1
5,44,1
5,45,1
5,46,1
5,47,1
5,48,1
5,49,1
5,50,1
6,0,1
6,1,1
6,2,1
6,3,1
6,4,1
6,5,1
6,6,1
6,7,1
6,8,1
6,9,1
6,10,1
6,11,1
6,12,1
6,13,1
6,14,1
6,15,1
6,16,1
6,17,1
6,18,1
6,19,1
6,20,1
6,21,1
6,22,1
6,23,1
6,24,1
6,25,1
6,26,1
6,27,1
6,28,1
6,29,1
6,30,1
6,31,1
6,32,1
6,33,1
6,34,1
6,35,1
6,36,1
6,37,1
6,38,1
6,39,1
6,40,1
6,41,1
6,42,1
6,43,1
6,44,1
6,45,1
6,46,1
6,47,1
6,48,1
6,49,1
6,50,1
7,0,0
7,1,0
7,2,0
7,3,0
7,4,0
7,5,0
7,6,0
7,7,1
7,8,1
7,9,0
7,10,0
7,11,0
7,12,0
7,13,0
7,14,0
7,15,0
7,16,0
7,17,0
7,18,0
7,19,0
7,20,0
7,21,0
7,22,0
7,23,0
7,24,0
7,25,0
7,26,0
7,27,0
7,28,0
7,29,0
7,30,0
7,31,0
7,32,0
7,33,0
7,34,0
7,35,0
7,36,0
7,37,0
7,38,0
7,39,0
7,40,0
7,41,0
7,42,0
7,43,0
7,44,0
7,45,0
7,46,0
7,47,0
7,48,0
7,49,0
7,50,0
8,0,0
8,1,0
8,2,0
8,3,0
8,4,0
8,5,0
8,6,0
8,7,0
8,8,1
8,9,1
8,10,0
8,11,0
8,12,0
8,13,0
8,14,0
8,15,0
8,16,0
8,17,0
8,18,0
8,19,0
8,20,0
8,21,0
8,22,0
8,23,0
8,24,0
8,25,0
8,26,0
8,27,0
8,28,0
8,29,0
8,30,0
8,31,0
8,32,0
8,33,0
8,34,0
8,35,0
8,36,0
8,37,0
8,38,0
8,39,0
8,40,0
8,41,0
8,42,0
8,43,0
8,44,0
8,45,0
8,46,0
8,47,0
8,48,0
8,49,0
8,50,0
9,0,1
9,1,1
9,2,1
9,3,1
9,4,1
9,5,1
9,6,1
9,7,1
9,8,1
9,9,1
9,10,1
9,11,1
9,12,1
9,13,1
9,14,1
9,15,1
9,16,1
9,17,1
9,18,1
9,19,1
9,20,1
9,21,1
9,22,1
9,23,1
9,24,1
9,25,1
9,26,1
9,27,1
9,28,1
9,29,1
9,30,1
9,31,1
9,32,1
9,33,1
9,34,1
9,35,1
9,36,1
9,37,1
9,38,1
9,39,1
9,40,1
9,41,1
9,42,1
9,43,1
9,44,1
9,45,1
9,46,1
9,47,1
9,48,1
9,49,1
9,50,1
