from_node_id,to_node_id,flying_time_cost,time_stamp
0,0,0,0
0,1,1,0
0,2,1,0
0,3,1,0
0,4,1,0
0,5,0,0
1,0,1,0
1,1,0,0
1,2,1,0
1,3,1,0
1,4,1,0
1,5,1,0
2,0,1,0
2,1,1,0
2,2,0,0
2,3,1,0
2,4,1,0
2,5,1,0
3,0,1,0
3,1,1,0
3,2,1,0
3,3,0,0
3,4,1,0
3,5,1,0
4,0,1,0
4,1,1,0
4,2,1,0
4,3,1,0
4,4,0,0
4,5,1,0
5,0,0,0
5,1,1,0
5,2,1,0
5,3,1,0
5,4,1,0
5,5,0,0
0,0,0,1
0,1,1,1
0,2,1,1
0,3,1,1
0,4,1,1
0,5,0,1
1,0,1,1
1,1,0,1
1,2,1,1
1,3,1,1
1,4,1,1
1,5,1,1
2,0,1,1
2,1,1,1
2,2,0,1
2,3,1,1
2,4,1,1
2,5,1,1
3,0,1,1
3,1,1,1
3,2,1,1
3,3,0,1
3,4,1,1
3,5,1,1
4,0,1,1
4,1,1,1
4,2,1,1
4,3,1,1
4,4,0,1
4,5,1,1
5,0,0,1
5,1,1,1
5,2,1,1
5,3,1,1
5,4,1,1
5,5,0,1
0,0,0,2
0,1,1,2
0,2,1,2
0,3,1,2
0,4,1,2
0,5,0,2
1,0,1,2
1,1,0,2
1,2,1,2
1,3,1,2
1,4,1,2
1,5,1,2
2,0,1,2
2,1,1,2
2,2,0,2
2,3,1,2
2,4,1,2
2,5,1,2
3,0,1,2
3,1,1,2
3,2,1,2
3,3,0,2
3,4,1,2
3,5,1,2
4,0,1,2
4,1,1,2
4,2,1,2
4,3,1,2
4,4,0,2
4,5,1,2
5,0,0,2
5,1,1,2
5,2,1,2
5,3,1,2
5,4,1,2
5,5,0,2
0,0,0,3
0,1,1,3
0,2,1,3
0,3,1,3
0,4,1,3
0,5,0,3
1,0,1,3
1,1,0,3
1,2,1,3
1,3,1,3
1,4,1,3
1,5,1,3
2,0,1,3
2,1,1,3
2,2,0,3
2,3,1,3
2,4,1,3
2,5,1,3
3,0,1,3
3,1,1,3
3,2,1,3
3,3,0,3
3,4,1,3
3,5,1,3
4,0,1,3
4,1,1,3
4,2,1,3
4,3,1,3
4,4,0,3
4,5,1,3
5,0,0,3
5,1,1,3
5,2,1,3
5,3,1,3
5,4,1,3
5,5,0,3
0,0,0,4
0,1,1,4
0,2,1,4
0,3,1,4
0,4,1,4
0,5,0,4
1,0,1,4
1,1,0,4
1,2,1,4
1,3,1,4
1,4,1,4
1,5,1,4
2,0,1,4
2,1,1,4
2,2,0,4
2,3,1,4
2,4,1,4
2,5,1,4
3,0,1,4
3,1,1,4
3,2,1,4
3,3,0,4
3,4,1,4
3,5,1,4
4,0,1,4
4,1,1,4
4,2,1,4
4,3,1,4
4,4,0,4
4,5,1,4
5,0,0,4
5,1,1,4
5,2,1,4
5,3,1,4
5,4,1,4
5,5,0,4
0,0,0,5
0,1,1,5
0,2,1,5
0,3,1,5
0,4,1,5
0,5,0,5
1,0,1,5
1,1,0,5
1,2,1,5
1,3,1,5
1,4,1,5
1,5,1,5
2,0,1,5
2,1,1,5
2,2,0,5
2,3,1,5
2,4,1,5
2,5,1,5
3,0,1,5
3,1,1,5
3,2,1,5
3,3,0,5
3,4,1,5
3,5,1,5
4,0,1,5
4,1,1,5
4,2,1,5
4,3,1,5
4,4,0,5
4,5,1,5
5,0,0,5
5,1,1,5
5,2,1,5
5,3,1,5
5,4,1,5
5,5,0,5
0,0,0,6
0,1,1,6
0,2,1,6
0,3,1,6
0,4,1,6
0,5,0,6
1,0,1,6
1,1,0,6
1,2,1,6
1,3,1,6
1,4,1,6
1,5,1,6
2,0,1,6
2,1,1,6
2,2,0,6
2,3,1,6
2,4,1,6
2,5,1,6
3,0,1,6
3,1,1,6
3,2,1,6
3,3,0,6
3,4,1,6
3,5,1,6
4,0,1,6
4,1,1,6
4,2,1,6
4,3,1,6
4,4,0,6
4,5,1,6
5,0,0,6
5,1,1,6
5,2,1,6
5,3,1,6
5,4,1,6
5,5,0,6
0,0,0,7
0,1,1,7
0,2,1,7
0,3,1,7
0,4,1,7
0,5,0,7
1,0,1,7
1,1,0,7
1,2,1,7
1,3,1,7
1,4,1,7
1,5,1,7
2,0,1,7
2,1,1,7
2,2,0,7
2,3,1,7
2,4,1,7
2,5,1,7
3,0,1,7
3,1,1,7
3,2,1,7
3,3,0,7
3,4,1,7
3,5,1,7
4,0,1,7
4,1,1,7
4,2,1,7
4,3,1,7
4,4,0,7
4,5,1,7
5,0,0,7
5,1,1,7
5,2,1,7
5,3,1,7
5,4,1,7
5,5,0,7
0,0,0,8
0,1,1,8
0,2,1,8
0,3,1,8
0,4,1,8
0,5,0,8
1,0,1,8
1,1,0,8
1,2,1,8
1,3,1,8
1,4,1,8
1,5,1,8
2,0,1,8
2,1,1,8
2,2,0,8
2,3,1,8
2,4,1,8
2,5,1,8
3,0,1,8
3,1,1,8
3,2,1,8
3,3,0,8
3,4,1,8
3,5,1,8
4,0,1,8
4,1,1,8
4,2,1,8
4,3,1,8
4,4,0,8
4,5,1,8
5,0,0,8
5,1,1,8
5,2,1,8
5,3,1,8
5,4,1,8
5,5,0,8
0,0,0,9
0,1,1,9
0,2,1,9
0,3,1,9
0,4,1,9
0,5,0,9
1,0,1,9
1,1,0,9
1,2,1,9
1,3,1,9
1,4,1,9
1,5,1,9
2,0,1,9
2,1,1,9
2,2,0,9
2,3,1,9
2,4,1,9
2,5,1,9
3,0,1,9
3,1,1,9
3,2,1,9
3,3,0,9
3,4,1,9
3,5,1,9
4,0,1,9
4,1,1,9
4,2,1,9
4,3,1,9
4,4,0,9
4,5,1,9
5,0,0,9
5,1,1,9
5,2,1,9
5,3,1,9
5,4,1,9
5,5,0,9
0,0,0,10
0,1,1,10
0,2,1,10
0,3,1,10
0,4,1,10
0,5,0,10
1,0,1,10
1,1,0,10
1,2,1,10
1,3,1,10
1,4,1,10
1,5,1,10
2,0,1,10
2,1,1,10
2,2,0,10
2,3,1,10
2,4,1,10
2,5,1,10
3,0,1,10
3,1,1,10
3,2,1,10
3,3,0,10
3,4,1,10
3,5,1,10
4,0,1,10
4,1,1,10
4,2,1,10
4,3,1,10
4,4,0,10
4,5,1,10
5,0,0,10
5,1,1,10
5,2,1,10
5,3,1,10
5,4,1,10
5,5,0,10
0,0,0,11
0,1,1,11
0,2,1,11
0,3,1,11
0,4,1,11
0,5,0,11
1,0,1,11
1,1,0,11
1,2,1,11
1,3,1,11
1,4,1,11
1,5,1,11
2,0,1,11
2,1,1,11
2,2,0,11
2,3,1,11
2,4,1,11
2,5,1,11
3,0,1,11
3,1,1,11
3,2,1,11
3,3,0,11
3,4,1,11
3,5,1,11
4,0,1,11
4,1,1,11
4,2,1,11
4,3,1,11
4,4,0,11
4,5,1,11
5,0,0,11
5,1,1,11
5,2,1,11
5,3,1,11
5,4,1,11
5,5,0,11
0,0,0,12
0,1,1,12
0,2,1,12
0,3,1,12
0,4,1,12
0,5,0,12
1,0,1,12
1,1,0,12
1,2,1,12
1,3,1,12
1,4,1,12
1,5,1,12
2,0,1,12
2,1,1,12
2,2,0,12
2,3,1,12
2,4,1,12
2,5,1,12
3,0,1,12
3,1,1,12
3,2,1,12
3,3,0,12
3,4,1,12
3,5,1,12
4,0,1,12
4,1,1,12
4,2,1,12
4,3,1,12
4,4,0,12
4,5,1,12
5,0,0,12
5,1,1,12
5,2,1,12
5,3,1,12
5,4,1,12
5,5,0,12
0,0,0,13
0,1,1,13
0,2,1,13
0,3,1,13
0,4,1,13
0,5,0,13
1,0,1,13
1,1,0,13
1,2,1,13
1,3,1,13
1,4,1,13
1,5,1,13
2,0,1,13
2,1,1,13
2,2,0,13
2,3,1,13
2,4,1,13
2,5,1,13
3,0,1,13
3,1,1,13
3,2,1,13
3,3,0,13
3,4,1,13
3,5,1,13
4,0,1,13
4,1,1,13
4,2,1,13
4,3,1,13
4,4,0,13
4,5,1,13
5,0,0,13
5,1,1,13
5,2,1,13
5,3,1,13
5,4,1,13
5,5,0,13
0,0,0,14
0,1,1,14
0,2,1,14
0,3,1,14
0,4,1,14
0,5,0,14
1,0,1,14
1,1,0,14
1,2,1,14
1,3,1,14
1,4,1,14
1,5,1,14
2,0,1,14
2,1,1,14
2,2,0,14
2,3,1,14
2,4,1,14
2,5,1,14
3,0,1,14
3,1,1,14
3,2,1,14
3,3,0,14
3,4,1,14
3,5,1,14
4,0,1,14
4,1,1,14
4,2,1,14
4,3,1,14
4,4,0,14
4,5,1,14
5,0,0,14
5,1,1,14
5,2,1,14
5,3,1,14
5,4,1,14
5,5,0,14
0,0,0,15
0,1,1,15
0,2,1,15
0,3,1,15
0,4,1,15
0,5,0,15
1,0,1,15
1,1,0,15
1,2,1,15
1,3,1,15
1,4,1,15
1,5,1,15
2,0,1,15
2,1,1,15
2,2,0,15
2,3,1,15
2,4,1,15
2,5,1,15
3,0,1,15
3,1,1,15
3,2,1,15
3,3,0,15
3,4,1,15
3,5,1,15
4,0,1,15
4,1,1,15
4,2,1,15
4,3,1,15
4,4,0,15
4,5,1,15
5,0,0,15
5,1,1,15
5,2,1,15
5,3,1,15
5,4,1,15
5,5,0,15
0,0,0,16
0,1,1,16
0,2,1,16
0,3,1,16
0,4,1,16
0,5,0,16
1,0,1,16
1,1,0,16
1,2,1,16
1,3,1,16
1,4,1,16
1,5,1,16
2,0,1,16
2,1,1,16
2,2,0,16
2,3,1,16
2,4,1,16
2,5,1,16
3,0,1,16
3,1,1,16
3,2,1,16
3,3,0,16
3,4,1,16
3,5,1,16
4,0,1,16
4,1,1,16
4,2,1,16
4,3,1,16
4,4,0,16
4,5,1,16
5,0,0,16
5,1,1,16
5,2,1,16
5,3,1,16
5,4,1,16
5,5,0,16
0,0,0,17
0,1,1,17
0,2,1,17
0,3,1,17
0,4,1,17
0,5,0,17
1,0,1,17
1,1,0,17
1,2,1,17
1,3,1,17
1,4,1,17
1,5,1,17
2,0,1,17
2,1,1,17
2,2,0,17
2,3,1,17
2,4,1,17
2,5,1,17
3,0,1,17
3,1,1,17
3,2,1,17
3,3,0,17
3,4,1,17
3,5,1,17
4,0,1,17
4,1,1,17
4,2,1,17
4,3,1,17
4,4,0,17
4,5,1,17
5,0,0,17
5,1,1,17
5,2,1,17
5,3,1,17
5,4,1,17
5,5,0,17
0,0,0,18
0,1,1,18
0,2,1,18
0,3,1,18
0,4,1,18
0,5,0,18
1,0,1,18
1,1,0,18
1,2,1,18
1,3,1,18
1,4,1,18
1,5,1,18
2,0,1,18
2,1,1,18
2,2,0,18
2,3,1,18
2,4,1,18
2,5,1,18
3,0,1,18
3,1,1,18
3,2,1,18
3,3,0,18
3,4,1,18
3,5,1,18
4,0,1,18
4,1,1,18
4,2,1,18
4,3,1,18
4,4,0,18
4,5,1,18
5,0,0,18
5,1,1,18
5,2,1,18
5,3,1,18
5,4,1,18
5,5,0,18
0,0,0,19
0,1,1,19
0,2,1,19
0,3,1,19
0,4,1,19
0,5,0,19
1,0,1,19
1,1,0,19
1,2,1,19
1,3,1,19
1,4,1,19
1,5,1,19
2,0,1,19
2,1,1,19
2,2,0,19
2,3,1,19
2,4,1,19
2,5,1,19
3,0,1,19
3,1,1,19
3,2,1,19
3,3,0,19
3,4,1,19
3,5,1,19
4,0,1,19
4,1,1,19
4,2,1,19
4,3,1,19
4,4,0,19
4,5,1,19
5,0,0,19
5,1,1,19
5,2,1,19
5,3,1,19
5,4,1,19
5,5,0,19
0,0,0,20
0,1,1,20
0,2,1,20
0,3,1,20
0,4,1,20
0,5,0,20
1,0,1,20
1,1,0,20
1,2,1,20
1,3,1,20
1,4,1,20
1,5,1,20
2,0,1,20
2,1,1,20
2,2,0,20
2,3,1,20
2,4,1,20
2,5,1,20
3,0,1,20
3,1,1,20
3,2,1,20
3,3,0,20
3,4,1,20
3,5,1,20
4,0,1,20
4,1,1,20
4,2,1,20
4,3,1,20
4,4,0,20
4,5,1,20
5,0,0,20
5,1,1,20
5,2,1,20
5,3,1,20
5,4,1,20
5,5,0,20
0,0,0,21
0,1,1,21
0,2,1,21
0,3,1,21
0,4,1,21
0,5,0,21
1,0,1,21
1,1,0,21
1,2,1,21
1,3,1,21
1,4,1,21
1,5,1,21
2,0,1,21
2,1,1,21
2,2,0,21
2,3,1,21
2,4,1,21
2,5,1,21
3,0,1,21
3,1,1,21
3,2,1,21
3,3,0,21
3,4,1,21
3,5,1,21
4,0,1,21
4,1,1,21
4,2,1,21
4,3,1,21
4,4,0,21
4,5,1,21
5,0,0,21
5,1,1,21
5,2,1,21
5,3,1,21
5,4,1,21
5,5,0,21
0,0,0,22
0,1,1,22
0,2,1,22
0,3,1,22
0,4,1,22
0,5,0,22
1,0,1,22
1,1,0,22
1,2,1,22
1,3,1,22
1,4,1,22
1,5,1,22
2,0,1,22
2,1,1,22
2,2,0,22
2,3,1,22
2,4,1,22
2,5,1,22
3,0,1,22
3,1,1,22
3,2,1,22
3,3,0,22
3,4,1,22
3,5,1,22
4,0,1,22
4,1,1,22
4,2,1,22
4,3,1,22
4,4,0,22
4,5,1,22
5,0,0,22
5,1,1,22
5,2,1,22
5,3,1,22
5,4,1,22
5,5,0,22
0,0,0,23
0,1,1,23
0,2,1,23
0,3,1,23
0,4,1,23
0,5,0,23
1,0,1,23
1,1,0,23
1,2,1,23
1,3,1,23
1,4,1,23
1,5,1,23
2,0,1,23
2,1,1,23
2,2,0,23
2,3,1,23
2,4,1,23
2,5,1,23
3,0,1,23
3,1,1,23
3,2,1,23
3,3,0,23
3,4,1,23
3,5,1,23
4,0,1,23
4,1,1,23
4,2,1,23
4,3,1,23
4,4,0,23
4,5,1,23
5,0,0,23
5,1,1,23
5,2,1,23
5,3,1,23
5,4,1,23
5,5,0,23
0,0,0,24
0,1,1,24
0,2,1,24
0,3,1,24
0,4,1,24
0,5,0,24
1,0,1,24
1,1,0,24
1,2,1,24
1,3,1,24
1,4,1,24
1,5,1,24
2,0,1,24
2,1,1,24
2,2,0,24
2,3,1,24
2,4,1,24
2,5,1,24
3,0,1,24
3,1,1,24
3,2,1,24
3,3,0,24
3,4,1,24
3,5,1,24
4,0,1,24
4,1,1,24
4,2,1,24
4,3,1,24
4,4,0,24
4,5,1,24
5,0,0,24
5,1,1,24
5,2,1,24
5,3,1,24
5,4,1,24
5,5,0,24
0,0,0,25
0,1,1,25
0,2,1,25
0,3,1,25
0,4,1,25
0,5,0,25
1,0,1,25
1,1,0,25
1,2,1,25
1,3,1,25
1,4,1,25
1,5,1,25
2,0,1,25
2,1,1,25
2,2,0,25
2,3,1,25
2,4,1,25
2,5,1,25
3,0,1,25
3,1,1,25
3,2,1,25
3,3,0,25
3,4,1,25
3,5,1,25
4,0,1,25
4,1,1,25
4,2,1,25
4,3,1,25
4,4,0,25
4,5,1,25
5,0,0,25
5,1,1,25
5,2,1,25
5,3,1,25
5,4,1,25
5,5,0,25
0,0,0,26
0,1,1,26
0,2,1,26
0,3,1,26
0,4,1,26
0,5,0,26
1,0,1,26
1,1,0,26
1,2,1,26
1,3,1,26
1,4,1,26
1,5,1,26
2,0,1,26
2,1,1,26
2,2,0,26
2,3,1,26
2,4,1,26
2,5,1,26
3,0,1,26
3,1,1,26
3,2,1,26
3,3,0,26
3,4,1,26
3,5,1,26
4,0,1,26
4,1,1,26
4,2,1,26
4,3,1,26
4,4,0,26
4,5,1,26
5,0,0,26
5,1,1,26
5,2,1,26
5,3,1,26
5,4,1,26
5,5,0,26
0,0,0,27
0,1,1,27
0,2,1,27
0,3,1,27
0,4,1,27
0,5,0,27
1,0,1,27
1,1,0,27
1,2,1,27
1,3,1,27
1,4,1,27
1,5,1,27
2,0,1,27
2,1,1,27
2,2,0,27
2,3,1,27
2,4,1,27
2,5,1,27
3,0,1,27
3,1,1,27
3,2,1,27
3,3,0,27
3,4,1,27
3,5,1,27
4,0,1,27
4,1,1,27
4,2,1,27
4,3,1,27
4,4,0,27
4,5,1,27
5,0,0,27
5,1,1,27
5,2,1,27
5,3,1,27
5,4,1,27
5,5,0,27
0,0,0,28
0,1,1,28
0,2,1,28
0,3,1,28
0,4,1,28
0,5,0,28
1,0,1,28
1,1,0,28
1,2,1,28
1,3,1,28
1,4,1,28
1,5,1,28
2,0,1,28
2,1,1,28
2,2,0,28
2,3,1,28
2,4,1,28
2,5,1,28
3,0,1,28
3,1,1,28
3,2,1,28
3,3,0,28
3,4,1,28
3,5,1,28
4,0,1,28
4,1,1,28
4,2,1,28
4,3,1,28
4,4,0,28
4,5,1,28
5,0,0,28
5,1,1,28
5,2,1,28
5,3,1,28
5,4,1,28
5,5,0,28
0,0,0,29
0,1,1,29
0,2,1,29
0,3,1,29
0,4,1,29
0,5,0,29
1,0,1,29
1,1,0,29
1,2,1,29
1,3,1,29
1,4,1,29
1,5,1,29
2,0,1,29
2,1,1,29
2,2,0,29
2,3,1,29
2,4,1,29
2,5,1,29
3,0,1,29
3,1,1,29
3,2,1,29
3,3,0,29
3,4,1,29
3,5,1,29
4,0,1,29
4,1,1,29
4,2,1,29
4,3,1,29
4,4,0,29
4,5,1,29
5,0,0,29
5,1,1,29
5,2,1,29
5,3,1,29
5,4,1,29
5,5,0,29
0,0,0,30
0,1,1,30
0,2,1,30
0,3,1,30
0,4,1,30
0,5,0,30
1,0,1,30
1,1,0,30
1,2,1,30
1,3,1,30
1,4,1,30
1,5,1,30
2,0,1,30
2,1,1,30
2,2,0,30
2,3,1,30
2,4,1,30
2,5,1,30
3,0,1,30
3,1,1,30
3,2,1,30
3,3,0,30
3,4,1,30
3,5,1,30
4,0,1,30
4,1,1,30
4,2,1,30
4,3,1,30
4,4,0,30
4,5,1,30
5,0,0,30
5,1,1,30
5,2,1,30
5,3,1,30
5,4,1,30
5,5,0,30
0,0,0,31
0,1,1,31
0,2,1,31
0,3,1,31
0,4,1,31
0,5,0,31
1,0,1,31
1,1,0,31
1,2,1,31
1,3,1,31
1,4,1,31
1,5,1,31
2,0,1,31
2,1,1,31
2,2,0,31
2,3,1,31
2,4,1,31
2,5,1,31
3,0,1,31
3,1,1,31
3,2,1,31
3,3,0,31
3,4,1,31
3,5,1,31
4,0,1,31
4,1,1,31
4,2,1,31
4,3,1,31
4,4,0,31
4,5,1,31
5,0,0,31
5,1,1,31
5,2,1,31
5,3,1,31
5,4,1,31
5,5,0,31
0,0,0,32
0,1,1,32
0,2,1,32
0,3,1,32
0,4,1,32
0,5,0,32
1,0,1,32
1,1,0,32
1,2,1,32
1,3,1,32
1,4,1,32
1,5,1,32
2,0,1,32
2,1,1,32
2,2,0,32
2,3,1,32
2,4,1,32
2,5,1,32
3,0,1,32
3,1,1,32
3,2,1,32
3,3,0,32
3,4,1,32
3,5,1,32
4,0,1,32
4,1,1,32
4,2,1,32
4,3,1,32
4,4,0,32
4,5,1,32
5,0,0,32
5,1,1,32
5,2,1,32
5,3,1,32
5,4,1,32
5,5,0,32
0,0,0,33
0,1,1,33
0,2,1,33
0,3,1,33
0,4,1,33
0,5,0,33
1,0,1,33
1,1,0,33
1,2,1,33
1,3,1,33
1,4,1,33
1,5,1,33
2,0,1,33
2,1,1,33
2,2,0,33
2,3,1,33
2,4,1,33
2,5,1,33
3,0,1,33
3,1,1,33
3,2,1,33
3,3,0,33
3,4,1,33
3,5,1,33
4,0,1,33
4,1,1,33
4,2,1,33
4,3,1,33
4,4,0,33
4,5,1,33
5,0,0,33
5,1,1,33
5,2,1,33
5,3,1,33
5,4,1,33
5,5,0,33
0,0,0,34
0,1,1,34
0,2,1,34
0,3,1,34
0,4,1,34
0,5,0,34
1,0,1,34
1,1,0,34
1,2,1,34
1,3,1,34
1,4,1,34
1,5,1,34
2,0,1,34
2,1,1,34
2,2,0,34
2,3,1,34
2,4,1,34
2,5,1,34
3,0,1,34
3,1,1,34
3,2,1,34
3,3,0,34
3,4,1,34
3,5,1,34
4,0,1,34
4,1,1,34
4,2,1,34
4,3,1,34
4,4,0,34
4,5,1,34
5,0,0,34
5,1,1,34
5,2,1,34
5,3,1,34
5,4,1,34
5,5,0,34
0,0,0,35
0,1,1,35
0,2,1,35
0,3,1,35
0,4,1,35
0,5,0,35
1,0,1,35
1,1,0,35
1,2,1,35
1,3,1,35
1,4,1,35
1,5,1,35
2,0,1,35
2,1,1,35
2,2,0,35
2,3,1,35
2,4,1,35
2,5,1,35
3,0,1,35
3,1,1,35
3,2,1,35
3,3,0,35
3,4,1,35
3,5,1,35
4,0,1,35
4,1,1,35
4,2,1,35
4,3,1,35
4,4,0,35
4,5,1,35
5,0,0,35
5,1,1,35
5,2,1,35
5,3,1,35
5,4,1,35
5,5,0,35
0,0,0,36
0,1,1,36
0,2,1,36
0,3,1,36
0,4,1,36
0,5,0,36
1,0,1,36
1,1,0,36
1,2,1,36
1,3,1,36
1,4,1,36
1,5,1,36
2,0,1,36
2,1,1,36
2,2,0,36
2,3,1,36
2,4,1,36
2,5,1,36
3,0,1,36
3,1,1,36
3,2,1,36
3,3,0,36
3,4,1,36
3,5,1,36
4,0,1,36
4,1,1,36
4,2,1,36
4,3,1,36
4,4,0,36
4,5,1,36
5,0,0,36
5,1,1,36
5,2,1,36
5,3,1,36
5,4,1,36
5,5,0,36
0,0,0,37
0,1,1,37
0,2,1,37
0,3,1,37
0,4,1,37
0,5,0,37
1,0,1,37
1,1,0,37
1,2,1,37
1,3,1,37
1,4,1,37
1,5,1,37
2,0,1,37
2,1,1,37
2,2,0,37
2,3,1,37
2,4,1,37
2,5,1,37
3,0,1,37
3,1,1,37
3,2,1,37
3,3,0,37
3,4,1,37
3,5,1,37
4,0,1,37
4,1,1,37
4,2,1,37
4,3,1,37
4,4,0,37
4,5,1,37
5,0,0,37
5,1,1,37
5,2,1,37
5,3,1,37
5,4,1,37
5,5,0,37
0,0,0,38
0,1,1,38
0,2,1,38
0,3,1,38
0,4,1,38
0,5,0,38
1,0,1,38
1,1,0,38
1,2,1,38
1,3,1,38
1,4,1,38
1,5,1,38
2,0,1,38
2,1,1,38
2,2,0,38
2,3,1,38
2,4,1,38
2,5,1,38
3,0,1,38
3,1,1,38
3,2,1,38
3,3,0,38
3,4,1,38
3,5,1,38
4,0,1,38
4,1,1,38
4,2,1,38
4,3,1,38
4,4,0,38
4,5,1,38
5,0,0,38
5,1,1,38
5,2,1,38
5,3,1,38
5,4,1,38
5,5,0,38
0,0,0,39
0,1,1,39
0,2,1,39
0,3,1,39
0,4,1,39
0,5,0,39
1,0,1,39
1,1,0,39
1,2,1,39
1,3,1,39
1,4,1,39
1,5,1,39
2,0,1,39
2,1,1,39
2,2,0,39
2,3,1,39
2,4,1,39
2,5,1,39
3,0,1,39
3,1,1,39
3,2,1,39
3,3,0,39
3,4,1,39
3,5,1,39
4,0,1,39
4,1,1,39
4,2,1,39
4,3,1,39
4,4,0,39
4,5,1,39
5,0,0,39
5,1,1,39
5,2,1,39
5,3,1,39
5,4,1,39
5,5,0,39
0,0,0,40
0,1,1,40
0,2,1,40
0,3,1,40
0,4,1,40
0,5,0,40
1,0,1,40
1,1,0,40
1,2,1,40
1,3,1,40
1,4,1,40
1,5,1,40
2,0,1,40
2,1,1,40
2,2,0,40
2,3,1,40
2,4,1,40
2,5,1,40
3,0,1,40
3,1,1,40
3,2,1,40
3,3,0,40
3,4,1,40
3,5,1,40
4,0,1,40
4,1,1,40
4,2,1,40
4,3,1,40
4,4,0,40
4,5,1,40
5,0,0,40
5,1,1,40
5,2,1,40
5,3,1,40
5,4,1,40
5,5,0,40
0,0,0,41
0,1,1,41
0,2,1,41
0,3,1,41
0,4,1,41
0,5,0,41
1,0,1,41
1,1,0,41
1,2,1,41
1,3,1,41
1,4,1,41
1,5,1,41
2,0,1,41
2,1,1,41
2,2,0,41
2,3,1,41
2,4,1,41
2,5,1,41
3,0,1,41
3,1,1,41
3,2,1,41
3,3,0,41
3,4,1,41
3,5,1,41
4,0,1,41
4,1,1,41
4,2,1,41
4,3,1,41
4,4,0,41
4,5,1,41
5,0,0,41
5,1,1,41
5,2,1,41
5,3,1,41
5,4,1,41
5,5,0,41
0,0,0,42
0,1,1,42
0,2,1,42
0,3,1,42
0,4,1,42
0,5,0,42
1,0,1,42
1,1,0,42
1,2,1,42
1,3,1,42
1,4,1,42
1,5,1,42
2,0,1,42
2,1,1,42
2,2,0,42
2,3,1,42
2,4,1,42
2,5,1,42
3,0,1,42
3,1,1,42
3,2,1,42
3,3,0,42
3,4,1,42
3,5,1,42
4,0,1,42
4,1,1,42
4,2,1,42
4,3,1,42
4,4,0,42
4,5,1,42
5,0,0,42
5,1,1,42
5,2,1,42
5,3,1,42
5,4,1,42
5,5,0,42
0,0,0,43
0,1,1,43
0,2,1,43
0,3,1,43
0,4,1,43
0,5,0,43
1,0,1,43
1,1,0,43
1,2,1,43
1,3,1,43
1,4,1,43
1,5,1,43
2,0,1,43
2,1,1,43
2,2,0,43
2,3,1,43
2,4,1,43
2,5,1,43
3,0,1,43
3,1,1,43
3,2,1,43
3,3,0,43
3,4,1,43
3,5,1,43
4,0,1,43
4,1,1,43
4,2,1,43
4,3,1,43
4,4,0,43
4,5,1,43
5,0,0,43
5,1,1,43
5,2,1,43
5,3,1,43
5,4,1,43
5,5,0,43
0,0,0,44
0,1,1,44
0,2,1,44
0,3,1,44
0,4,1,44
0,5,0,44
1,0,1,44
1,1,0,44
1,2,1,44
1,3,1,44
1,4,1,44
1,5,1,44
2,0,1,44
2,1,1,44
2,2,0,44
2,3,1,44
2,4,1,44
2,5,1,44
3,0,1,44
3,1,1,44
3,2,1,44
3,3,0,44
3,4,1,44
3,5,1,44
4,0,1,44
4,1,1,44
4,2,1,44
4,3,1,44
4,4,0,44
4,5,1,44
5,0,0,44
5,1,1,44
5,2,1,44
5,3,1,44
5,4,1,44
5,5,0,44
0,0,0,45
0,1,1,45
0,2,1,45
0,3,1,45
0,4,1,45
0,5,0,45
1,0,1,45
1,1,0,45
1,2,1,45
1,3,1,45
1,4,1,45
1,5,1,45
2,0,1,45
2,1,1,45
2,2,0,45
2,3,1,45
2,4,1,45
2,5,1,45
3,0,1,45
3,1,1,45
3,2,1,45
3,3,0,45
3,4,1,45
3,5,1,45
4,0,1,45
4,1,1,45
4,2,1,45
4,3,1,45
4,4,0,45
4,5,1,45
5,0,0,45
5,1,1,45
5,2,1,45
5,3,1,45
5,4,1,45
5,5,0,45
0,0,0,46
0,1,1,46
0,2,1,46
0,3,1,46
0,4,1,46
0,5,0,46
1,0,1,46
1,1,0,46
1,2,1,46
1,3,1,46
1,4,1,46
1,5,1,46
2,0,1,46
2,1,1,46
2,2,0,46
2,3,1,46
2,4,1,46
2,5,1,46
3,0,1,46
3,1,1,46
3,2,1,46
3,3,0,46
3,4,1,46
3,5,1,46
4,0,1,46
4,1,1,46
4,2,1,46
4,3,1,46
4,4,0,46
4,5,1,46
5,0,0,46
5,1,1,46
5,2,1,46
5,3,1,46
5,4,1,46
5,5,0,46
0,0,0,47
0,1,1,47
0,2,1,47
0,3,1,47
0,4,1,47
0,5,0,47
1,0,1,47
1,1,0,47
1,2,1,47
1,3,1,47
1,4,1,47
1,5,1,47
2,0,1,47
2,1,1,47
2,2,0,47
2,3,1,47
2,4,1,47
2,5,1,47
3,0,1,47
3,1,1,47
3,2,1,47
3,3,0,47
3,4,1,47
3,5,1,47
4,0,1,47
4,1,1,47
4,2,1,47
4,3,1,47
4,4,0,47
4,5,1,47
5,0,0,47
5,1,1,47
5,2,1,47
5,3,1,47
5,4,1,47
5,5,0,47
0,0,0,48
0,1,1,48
0,2,1,48
0,3,1,48
0,4,1,48
0,5,0,48
1,0,1,48
1,1,0,48
1,2,1,48
1,3,1,48
1,4,1,48
1,5,1,48
2,0,1,48
2,1,1,48
2,2,0,48
2,3,1,48
2,4,1,48
2,5,1,48
3,0,1,48
3,1,1,48
3,2,1,48
3,3,0,48
3,4,1,48
3,5,1,48
4,0,1,48
4,1,1,48
4,2,1,48
4,3,1,48
4,4,0,48
4,5,1,48
5,0,0,48
5,1,1,48
5,2,1,48
5,3,1,48
5,4,1,48
5,5,0,48
0,0,0,49
0,1,1,49
0,2,1,49
0,3,1,49
0,4,1,49
0,5,0,49
1,0,1,49
1,1,0,49
1,2,1,49
1,3,1,49
1,4,1,49
1,5,1,49
2,0,1,49
2,1,1,49
2,2,0,49
2,3,1,49
2,4,1,49
2,5,1,49
3,0,1,49
3,1,1,49
3,2,1,49
3,3,0,49
3,4,1,49
3,5,1,49
4,0,1,49
4,1,1,49
4,2,1,49
4,3,1,49
4,4,0,49
4,5,1,49
5,0,0,49
5,1,1,49
5,2,1,49
5,3,1,49
5,4,1,49
5,5,0,49
0,0,0,50
0,1,1,50
0,2,1,50
0,3,1,50
0,4,1,50
0,5,0,50
1,0,1,50
1,1,0,50
1,2,1,50
1,3,1,50
1,4,1,50
1,5,1,50
2,0,1,50
2,1,1,50
2,2,0,50
2,3,1,50
2,4,1,50
2,5,1,50
3,0,1,50
3,1,1,50
3,2,1,50
3,3,0,50
3,4,1,50
3,5,1,50
4,0,1,50
4,1,1,50
4,2,1,50
4,3,1,50
4,4,0,50
4,5,1,50
5,0,0,50
5,1,1,50
5,2,1,50
5,3,1,50
5,4,1,50
5,5,0,50
